This function calculates N(6, 3, p).

Parameters: #simulations = 1000.
p from 0 to 0.15 step 0.001.

p, N(p), SD, size.

0, 0, 0, 105
0.001, 0, 0, 105
0.002, 0.002, 0.0632139, 105
0.003, 0.01, 0.160935, 105
0.004, 0.034, 0.246666, 105
0.005, 0.049, 0.297656, 105
0.006, 0.059, 0.336926, 105
0.007, 0.105, 0.451636, 105
0.008, 0.177, 0.587938, 105
0.009, 0.246, 0.673412, 105
0.01, 0.354, 0.883563, 105
0.011, 0.452, 0.96317, 105
0.012, 0.594, 1.0785, 105
0.013, 0.776, 1.24813, 105
0.014, 0.909, 1.24206, 105
0.015, 1.026, 1.41185, 105
0.016, 1.241, 1.40461, 105
0.017, 1.428, 1.51882, 105
0.018, 1.647, 1.5564, 105
0.019, 1.871, 1.77098, 105
0.02, 1.949, 1.70247, 105
0.021, 2.19, 1.85362, 105
0.022, 2.582, 1.93372, 105
0.023, 2.702, 1.99128, 105
0.024, 2.874, 2.02438, 105
0.025, 2.979, 1.86616, 105
0.026, 3.287, 2.20105, 105
0.027, 3.366, 2.18816, 105
0.028, 3.637, 2.3688, 105
0.029, 3.955, 2.48294, 105
0.03, 4.106, 2.41345, 105
0.031, 4.381, 2.62523, 105
0.032, 4.58, 2.79063, 105
0.033, 5.028, 2.96837, 105
0.034, 5.266, 3.24365, 105
0.035, 5.514, 4.08336, 105
0.036, 5.912, 3.47192, 105
0.037, 6.095, 3.44702, 105
0.038, 6.591, 3.85691, 105
0.039, 6.67, 3.82349, 105
0.04, 7.181, 4.44952, 105
0.041, 7.45, 4.16119, 105
0.042, 7.872, 4.49195, 105
0.043, 8.143, 4.30773, 105
0.044, 8.598, 5.17865, 105
0.045, 9.001, 6.2446, 105
0.046, 9.64, 5.81484, 105
0.047, 9.81, 6.1467, 105
0.048, 10.259, 5.53569, 105
0.049, 11.071, 7.73731, 105
0.05, 11.265, 7.30786, 105
0.051, 11.58, 6.89954, 105
0.052, 13.013, 16.4577, 105
0.053, 13.464, 10.8223, 105
0.054, 15.506, 23.7928, 105
0.055, 17.216, 34.1149, 105
0.056, 17.522, 28.747, 105
0.057, 19.096, 36.4641, 105
0.058, 19.723, 40.219, 105
0.059, 22.206, 39.103, 105
0.06, 23.762, 49.3112, 105
0.061, 24.334, 40.8302, 105
0.062, 27.159, 48.9128, 105
0.063, 36.537, 73.8097, 105
0.064, 36.934, 76.3562, 105
0.065, 41.289, 82.7209, 105
0.066, 50.566, 95.211, 105
0.067, 61.067, 110.291, 105
0.068, 64.273, 113.032, 105
0.069, 72.964, 118.174, 105
0.07, 77.593, 120.822, 105
0.071, 83.201, 125.637, 105
0.072, 90.786, 129.814, 105
0.073, 109.634, 143.475, 105
0.074, 114.734, 140.879, 105
0.075, 143.481, 155.009, 105
0.076, 152.619, 154.85, 105
0.077, 166.559, 153.912, 105
0.078, 171.894, 152.031, 105
0.079, 188.499, 149.544, 105
0.08, 204.615, 145.759, 105
0.081, 200.011, 141.31, 105
0.082, 221.152, 134.882, 105
0.083, 232.962, 123.136, 105
0.084, 232.882, 116.87, 105
0.085, 236.918, 108.614, 105
0.086, 237.973, 100.841, 105
0.087, 233.985, 95.3028, 105
0.088, 246.579, 79.8156, 105
0.089, 241.507, 73.9945, 105
0.09, 236.838, 68.4563, 105
0.091, 230.968, 62.6912, 105
0.092, 225.15, 58.2495, 105
0.093, 219.867, 58.4765, 105
0.094, 216.361, 50.3413, 105
0.095, 212.407, 47.4505, 105
0.096, 205.933, 43.4392, 105
0.097, 199.022, 42.04, 105
0.098, 191.279, 38.6494, 105
0.099, 185.064, 38.3219, 105
0.1, 177.58, 35.1613, 105
0.101, 174.106, 35.5318, 105
0.102, 167.191, 31.9666, 105
0.103, 163.067, 32.2501, 105
0.104, 156.817, 30.3717, 105
0.105, 152.715, 28.9369, 105
0.106, 149.07, 29.4857, 105
0.107, 144.032, 26.671, 105
0.108, 141.376, 26.6076, 105
0.109, 136.176, 26.2272, 105
0.11, 131.584, 23.8172, 105
0.111, 128.343, 22.6596, 105
0.112, 125.089, 23.1992, 105
0.113, 121.781, 21.2095, 105
0.114, 118.607, 21.2383, 105
0.115, 114.992, 20.8754, 105
0.116, 112.086, 19.6283, 105
0.117, 109.43, 19.5821, 105
0.118, 107.492, 18.7684, 105
0.119, 105.084, 19.1994, 105
0.12, 100.875, 16.7448, 105
0.121, 99.144, 16.8971, 105
0.122, 97.655, 16.4927, 105
0.123, 95.811, 15.9022, 105
0.124, 93.64, 15.9234, 105
0.125, 91.44, 15.6475, 105
0.126, 89.884, 15.5532, 105
0.127, 88.219, 14.3417, 105
0.128, 86.488, 14.6674, 105
0.129, 84.183, 13.6828, 105
0.13, 82.402, 13.3204, 105
0.131, 81.431, 14.0805, 105
0.132, 80.139, 12.5854, 105
0.133, 78.328, 13.6218, 105
0.134, 76.338, 12.1883, 105
0.135, 74.995, 12.4884, 105
0.136, 74.272, 11.968, 105
0.137, 72.01, 11.5364, 105
0.138, 70.929, 11.5965, 105
0.139, 70.343, 11.8182, 105
0.14, 68.848, 11.0357, 105
0.141, 67.68, 10.7544, 105
0.142, 65.96, 10.0775, 105
0.143, 65.107, 10.6281, 105
0.144, 64.441, 10.2161, 105
0.145, 63.539, 10.19, 105
0.146, 62.147, 9.94562, 105
0.147, 61.654, 9.59251, 105
0.148, 60.24, 9.60575, 105
0.149, 59.478, 9.64902, 105
0, 0, 0, 110
0.001, 0, 0, 110
0.002, 0.007, 0.104647, 110
0.003, 0.018, 0.177978, 110
0.004, 0.031, 0.249076, 110
0.005, 0.068, 0.351249, 110
0.006, 0.095, 0.440426, 110
0.007, 0.144, 0.532226, 110
0.008, 0.195, 0.644186, 110
0.009, 0.249, 0.694981, 110
0.01, 0.401, 0.875328, 110
0.011, 0.508, 1.01683, 110
0.012, 0.63, 1.06916, 110
0.013, 0.765, 1.17037, 110
0.014, 0.957, 1.25346, 110
0.015, 1.115, 1.32052, 110
0.016, 1.302, 1.47472, 110
0.017, 1.506, 1.57923, 110
0.018, 1.726, 1.57446, 110
0.019, 1.902, 1.7007, 110
0.02, 2.201, 1.82335, 110
0.021, 2.382, 1.89739, 110
0.022, 2.522, 2.01184, 110
0.023, 2.681, 1.94197, 110
0.024, 2.978, 2.20443, 110
0.025, 3.131, 2.13491, 110
0.026, 3.367, 2.11715, 110
0.027, 3.711, 2.42105, 110
0.028, 3.909, 2.40556, 110
0.029, 4.109, 2.36962, 110
0.03, 4.383, 2.64543, 110
0.031, 4.638, 3.19984, 110
0.032, 4.962, 3.21225, 110
0.033, 5.131, 2.97117, 110
0.034, 5.419, 3.00889, 110
0.035, 5.656, 3.17988, 110
0.036, 5.997, 3.55148, 110
0.037, 6.391, 3.69379, 110
0.038, 6.629, 3.70397, 110
0.039, 7.174, 4.64303, 110
0.04, 7.486, 4.53539, 110
0.041, 7.837, 4.75715, 110
0.042, 8.083, 4.66263, 110
0.043, 8.175, 4.30051, 110
0.044, 8.834, 5.44706, 110
0.045, 9.154, 5.10786, 110
0.046, 9.991, 5.57987, 110
0.047, 10.359, 6.43957, 110
0.048, 10.624, 7.42069, 110
0.049, 11.304, 9.27327, 110
0.05, 12.596, 20.5597, 110
0.051, 12.88, 10.2018, 110
0.052, 13.158, 8.75186, 110
0.053, 14.337, 22.0395, 110
0.054, 16.885, 33.277, 110
0.055, 17.693, 32.4224, 110
0.056, 20.187, 41.9811, 110
0.057, 18.965, 32.6225, 110
0.058, 22.631, 44.8215, 110
0.059, 22.742, 40.7568, 110
0.06, 26.606, 53.7838, 110
0.061, 28.281, 59.4902, 110
0.062, 34.967, 75.9007, 110
0.063, 33.519, 69.6106, 110
0.064, 41.904, 85.6513, 110
0.065, 44.156, 86.0421, 110
0.066, 58.039, 111.56, 110
0.067, 59.351, 107.531, 110
0.068, 71.196, 119.419, 110
0.069, 80.666, 131.055, 110
0.07, 88.016, 134.152, 110
0.071, 97.837, 142.341, 110
0.072, 108.772, 145.239, 110
0.073, 122.165, 152.603, 110
0.074, 134.22, 155.611, 110
0.075, 149.471, 157.814, 110
0.076, 160.04, 157.677, 110
0.077, 182.909, 160.99, 110
0.078, 187.077, 156.744, 110
0.079, 204.737, 155.574, 110
0.08, 214.825, 147.131, 110
0.081, 226.523, 142.84, 110
0.082, 232.132, 134.59, 110
0.083, 240.719, 125.317, 110
0.084, 252.206, 113.743, 110
0.085, 248.355, 106.193, 110
0.086, 250.484, 100.64, 110
0.087, 246.603, 91.5925, 110
0.088, 249.837, 79.5255, 110
0.089, 248.457, 70.9434, 110
0.09, 246.607, 67.3837, 110
0.091, 239.106, 62.2538, 110
0.092, 234.321, 55.5813, 110
0.093, 226.438, 52.0089, 110
0.094, 219.053, 48.2789, 110
0.095, 212.889, 45.8875, 110
0.096, 207.287, 43.1336, 110
0.097, 200.319, 40.8876, 110
0.098, 194.01, 37.9765, 110
0.099, 188.321, 37.3897, 110
0.1, 181.159, 35.4231, 110
0.101, 174.46, 34.4999, 110
0.102, 168.447, 32.5611, 110
0.103, 163.593, 30.2817, 110
0.104, 158.618, 30.1066, 110
0.105, 153.435, 29.0941, 110
0.106, 149.147, 28.2848, 110
0.107, 145.363, 27.085, 110
0.108, 139.212, 25.5998, 110
0.109, 136.639, 25.6551, 110
0.11, 133.614, 23.3942, 110
0.111, 128.5, 23.5994, 110
0.112, 125.233, 22.124, 110
0.113, 122.899, 21.5838, 110
0.114, 119.012, 21.6517, 110
0.115, 117.112, 20.8366, 110
0.116, 113.502, 19.6114, 110
0.117, 111.77, 19.6748, 110
0.118, 108.139, 18.3065, 110
0.119, 105.56, 17.9556, 110
0.12, 102.528, 17.5946, 110
0.121, 99.382, 16.5698, 110
0.122, 98.409, 17.7862, 110
0.123, 96.298, 16.8472, 110
0.124, 94.465, 15.7482, 110
0.125, 92.575, 15.5321, 110
0.126, 90.41, 14.9527, 110
0.127, 86.956, 15.1558, 110
0.128, 87.038, 14.8539, 110
0.129, 84.85, 14.081, 110
0.13, 83.025, 12.888, 110
0.131, 81.942, 13.5186, 110
0.132, 79.473, 12.9121, 110
0.133, 79.033, 12.6118, 110
0.134, 77.164, 12.1884, 110
0.135, 75.808, 11.8735, 110
0.136, 75.136, 12.4155, 110
0.137, 73.59, 12.4541, 110
0.138, 71.276, 11.2331, 110
0.139, 71.196, 11.4278, 110
0.14, 69.257, 10.9076, 110
0.141, 68.289, 10.6193, 110
0.142, 67.216, 10.3393, 110
0.143, 65.83, 10.5625, 110
0.144, 64.583, 10.385, 110
0.145, 63.654, 10.102, 110
0.146, 63.197, 9.89142, 110
0.147, 61.679, 9.31332, 110
0.148, 60.811, 9.3402, 110
0.149, 60.464, 9.64462, 110
0, 0, 0, 115
0.001, 0.002, 0.0632139, 115
0.002, 0.003, 0.070647, 115
0.003, 0.021, 0.191204, 115
0.004, 0.025, 0.224444, 115
0.005, 0.05, 0.292404, 115
0.006, 0.092, 0.45115, 115
0.007, 0.16, 0.560714, 115
0.008, 0.235, 0.701267, 115
0.009, 0.265, 0.713285, 115
0.01, 0.406, 0.91715, 115
0.011, 0.499, 0.958123, 115
0.012, 0.676, 1.12384, 115
0.013, 0.791, 1.146, 115
0.014, 1.022, 1.29981, 115
0.015, 1.209, 1.50111, 115
0.016, 1.398, 1.56064, 115
0.017, 1.584, 1.50829, 115
0.018, 1.798, 1.61406, 115
0.019, 1.921, 1.67175, 115
0.02, 2.198, 1.72302, 115
0.021, 2.357, 1.81481, 115
0.022, 2.566, 1.79211, 115
0.023, 2.872, 2.14141, 115
0.024, 3.077, 1.94192, 115
0.025, 3.316, 2.22579, 115
0.026, 3.523, 2.13435, 115
0.027, 3.837, 2.43771, 115
0.028, 4.053, 2.43602, 115
0.029, 4.18, 2.6099, 115
0.03, 4.435, 2.50115, 115
0.031, 4.686, 2.70766, 115
0.032, 5.027, 2.94894, 115
0.033, 5.44, 3.21938, 115
0.034, 5.634, 3.02259, 115
0.035, 5.947, 3.14677, 115
0.036, 6.021, 3.24508, 115
0.037, 6.63, 3.63471, 115
0.038, 6.913, 4.17198, 115
0.039, 7.16, 3.96515, 115
0.04, 7.601, 4.25627, 115
0.041, 8.008, 4.22089, 115
0.042, 8.461, 4.99845, 115
0.043, 8.762, 4.90177, 115
0.044, 9.016, 5.20574, 115
0.045, 10.025, 9.6589, 115
0.046, 10.231, 6.78437, 115
0.047, 11.261, 21.3549, 115
0.048, 11.133, 6.36564, 115
0.049, 12.11, 8.66233, 115
0.05, 12.633, 8.10668, 115
0.051, 13.492, 16.5406, 115
0.052, 14.099, 20.8073, 115
0.053, 14.407, 19.3296, 115
0.054, 15.964, 21.0911, 115
0.055, 18.594, 39.408, 115
0.056, 19.894, 39.007, 115
0.057, 20.344, 39.1655, 115
0.058, 21.057, 43.4625, 115
0.059, 24.607, 45.6907, 115
0.06, 25.895, 50.7261, 115
0.061, 31.401, 67.4806, 115
0.062, 35.732, 75.5247, 115
0.063, 47.524, 100.399, 115
0.064, 43.671, 89.2434, 115
0.065, 49.108, 95.0505, 115
0.066, 55.852, 104.2, 115
0.067, 67.341, 120.367, 115
0.068, 80.29, 135.615, 115
0.069, 86.974, 136.266, 115
0.07, 98.219, 145.694, 115
0.071, 113.797, 153.769, 115
0.072, 122.193, 156.689, 115
0.073, 148.611, 171.525, 115
0.074, 145.966, 166.22, 115
0.075, 167.564, 169.517, 115
0.076, 175.842, 170.318, 115
0.077, 201.434, 167.737, 115
0.078, 207.789, 163.404, 115
0.079, 227.703, 157.86, 115
0.08, 229.492, 153.897, 115
0.081, 241.246, 140.951, 115
0.082, 254.324, 134.306, 115
0.083, 255.234, 123.256, 115
0.084, 256.598, 117.016, 115
0.085, 257.945, 108.297, 115
0.086, 266.458, 91.6163, 115
0.087, 263.131, 82.544, 115
0.088, 258.355, 77.9627, 115
0.089, 256.876, 68.7267, 115
0.09, 248.726, 64.2011, 115
0.091, 245.541, 59.5489, 115
0.092, 239.422, 55.3057, 115
0.093, 228.517, 49.9102, 115
0.094, 221.08, 47.4006, 115
0.095, 213.829, 43.9205, 115
0.096, 208.109, 40.9309, 115
0.097, 198.409, 37.4871, 115
0.098, 193.583, 38.5589, 115
0.099, 187.296, 38.8749, 115
0.1, 178.979, 32.5732, 115
0.101, 176.162, 34.9453, 115
0.102, 168.754, 31.6281, 115
0.103, 162.956, 30.6791, 115
0.104, 159.611, 29.2816, 115
0.105, 154.486, 27.7437, 115
0.106, 149.987, 28.2168, 115
0.107, 145.738, 26.92, 115
0.108, 140.911, 25.815, 115
0.109, 136.418, 24.7137, 115
0.11, 132.084, 22.7984, 115
0.111, 129.251, 23.3623, 115
0.112, 127.043, 22.5348, 115
0.113, 121.743, 20.6651, 115
0.114, 120.246, 20.1911, 115
0.115, 116.396, 20.4251, 115
0.116, 113.825, 20.2662, 115
0.117, 111.746, 19.4533, 115
0.118, 107.832, 18.7454, 115
0.119, 104.795, 17.8179, 115
0.12, 102.431, 17.0077, 115
0.121, 101.63, 17.5879, 115
0.122, 98.849, 16.3809, 115
0.123, 96.578, 16.9582, 115
0.124, 94.631, 15.4988, 115
0.125, 92.028, 15.1973, 115
0.126, 90.127, 14.7185, 115
0.127, 88.574, 14.9022, 115
0.128, 87.274, 14.3518, 115
0.129, 84.9, 13.4868, 115
0.13, 83.053, 12.8763, 115
0.131, 82.109, 13.724, 115
0.132, 80.023, 13.1661, 115
0.133, 79.086, 12.7057, 115
0.134, 77.378, 12.8251, 115
0.135, 76.383, 12.0754, 115
0.136, 74.256, 11.701, 115
0.137, 73.202, 11.8472, 115
0.138, 71.551, 11.2445, 115
0.139, 70.923, 11.5014, 115
0.14, 69.596, 10.5691, 115
0.141, 68.163, 10.5632, 115
0.142, 67.036, 10.2982, 115
0.143, 66.354, 10.7083, 115
0.144, 65.21, 11.3295, 115
0.145, 64.288, 10.3655, 115
0.146, 63.059, 9.57546, 115
0.147, 62.182, 9.84819, 115
0.148, 60.9, 9.75223, 115
0.149, 60.47, 9.50437, 115
0, 0, 0, 120
0.001, 0.004, 0.0893532, 120
0.002, 0, 0, 120
0.003, 0.014, 0.160636, 120
0.004, 0.02, 0.193907, 120
0.005, 0.055, 0.325538, 120
0.006, 0.083, 0.382245, 120
0.007, 0.164, 0.595906, 120
0.008, 0.222, 0.674326, 120
0.009, 0.341, 0.809147, 120
0.01, 0.426, 0.901401, 120
0.011, 0.601, 1.04967, 120
0.012, 0.752, 1.17409, 120
0.013, 0.878, 1.18284, 120
0.014, 1.078, 1.33713, 120
0.015, 1.239, 1.31677, 120
0.016, 1.524, 1.67135, 120
0.017, 1.684, 1.62362, 120
0.018, 1.928, 1.55975, 120
0.019, 2.019, 1.56609, 120
0.02, 2.384, 1.69604, 120
0.021, 2.68, 1.95182, 120
0.022, 2.695, 1.89789, 120
0.023, 3.05, 2.0478, 120
0.024, 3.155, 1.81796, 120
0.025, 3.48, 2.37352, 120
0.026, 3.742, 2.33868, 120
0.027, 3.95, 2.39906, 120
0.028, 4.283, 3.11431, 120
0.029, 4.369, 2.58434, 120
0.03, 4.739, 2.6946, 120
0.031, 4.983, 2.73728, 120
0.032, 5.202, 2.96938, 120
0.033, 5.52, 3.31717, 120
0.034, 5.729, 3.0967, 120
0.035, 6.066, 3.17642, 120
0.036, 6.416, 3.72652, 120
0.037, 6.752, 3.73316, 120
0.038, 7.274, 4.14885, 120
0.039, 7.621, 4.4183, 120
0.04, 7.961, 4.43119, 120
0.041, 8.33, 5.38471, 120
0.042, 8.69, 4.76339, 120
0.043, 9.132, 5.22767, 120
0.044, 9.662, 5.3671, 120
0.045, 9.948, 5.89808, 120
0.046, 10.36, 5.6296, 120
0.047, 10.957, 7.31062, 120
0.048, 12.67, 28.3252, 120
0.049, 12.001, 7.2902, 120
0.05, 12.712, 7.87395, 120
0.051, 14.123, 19.2182, 120
0.052, 14.031, 8.84523, 120
0.053, 17.423, 41.4811, 120
0.054, 16.353, 21.2859, 120
0.055, 18.048, 23.7062, 120
0.056, 20.073, 37.5593, 120
0.057, 23.627, 56.1651, 120
0.058, 24.685, 50.7643, 120
0.059, 27.319, 54.7817, 120
0.06, 26.896, 52.1443, 120
0.061, 35.635, 80.3104, 120
0.062, 40.385, 88.2265, 120
0.063, 45.692, 94.6651, 120
0.064, 48.725, 99.4494, 120
0.065, 63.165, 119.776, 120
0.066, 60.369, 112.463, 120
0.067, 74.588, 128.708, 120
0.068, 91.897, 151.085, 120
0.069, 91.437, 145.047, 120
0.07, 103.029, 152.732, 120
0.071, 125.957, 165.414, 120
0.072, 137.723, 171.876, 120
0.073, 158.29, 175.827, 120
0.074, 172.766, 177.522, 120
0.075, 186.864, 178.7, 120
0.076, 194.019, 176.111, 120
0.077, 203.307, 171.108, 120
0.078, 227.131, 166.373, 120
0.079, 236.319, 160.883, 120
0.08, 251.213, 152.282, 120
0.081, 259.5, 145.768, 120
0.082, 263.635, 132.877, 120
0.083, 268.259, 126.412, 120
0.084, 270.562, 116.538, 120
0.085, 280.098, 97.9552, 120
0.086, 273.672, 95.085, 120
0.087, 276.062, 81.2032, 120
0.088, 269.199, 72.7772, 120
0.089, 261.092, 67.0743, 120
0.09, 254.399, 60.5817, 120
0.091, 247.625, 57.1031, 120
0.092, 240.534, 49.8658, 120
0.093, 234.941, 48.8394, 120
0.094, 224.647, 45.9383, 120
0.095, 217.489, 42.7817, 120
0.096, 208.437, 41.9667, 120
0.097, 202.572, 40.4307, 120
0.098, 194.565, 38.0657, 120
0.099, 188.796, 36.7972, 120
0.1, 183.46, 35.5493, 120
0.101, 175.861, 33.3632, 120
0.102, 170.727, 31.2285, 120
0.103, 163.847, 30.361, 120
0.104, 158.585, 29.3835, 120
0.105, 156.147, 27.9531, 120
0.106, 151.425, 28.3056, 120
0.107, 147.334, 27.7665, 120
0.108, 142.291, 27.137, 120
0.109, 138.563, 25.0273, 120
0.11, 134.749, 23.5092, 120
0.111, 129.931, 23.8949, 120
0.112, 126.572, 21.7897, 120
0.113, 122.585, 21.1512, 120
0.114, 120.219, 21.0366, 120
0.115, 116.362, 19.0245, 120
0.116, 113.727, 20.5474, 120
0.117, 111.218, 18.9086, 120
0.118, 108.289, 17.8183, 120
0.119, 106.953, 18.5528, 120
0.12, 103.638, 17.0243, 120
0.121, 102.463, 17.2534, 120
0.122, 99.392, 16.7556, 120
0.123, 96.514, 15.8828, 120
0.124, 94.125, 14.7312, 120
0.125, 92.841, 15.3876, 120
0.126, 90.765, 15.7038, 120
0.127, 87.904, 13.8286, 120
0.128, 86.371, 13.9728, 120
0.129, 85.135, 13.2759, 120
0.13, 83.254, 12.653, 120
0.131, 81.678, 12.4492, 120
0.132, 80.846, 12.5134, 120
0.133, 79.15, 12.2527, 120
0.134, 77.991, 12.5667, 120
0.135, 76.511, 12.2889, 120
0.136, 75.032, 12.1084, 120
0.137, 73.445, 11.5895, 120
0.138, 72.1, 11.4039, 120
0.139, 70.69, 10.7283, 120
0.14, 69.826, 10.8915, 120
0.141, 68.376, 10.7434, 120
0.142, 67.548, 10.2367, 120
0.143, 66.697, 10.1759, 120
0.144, 65.273, 10.1277, 120
0.145, 64.118, 9.61426, 120
0.146, 63.036, 9.33374, 120
0.147, 61.803, 9.96154, 120
0.148, 61.555, 9.38184, 120
0.149, 60.76, 9.51748, 120
0, 0, 0, 125
0.001, 0.001, 0.031607, 125
0.002, 0, 0, 125
0.003, 0.013, 0.157579, 125
0.004, 0.031, 0.228121, 125
0.005, 0.051, 0.303972, 125
0.006, 0.151, 0.542401, 125
0.007, 0.161, 0.566638, 125
0.008, 0.211, 0.631252, 125
0.009, 0.37, 0.863192, 125
0.01, 0.458, 0.958246, 125
0.011, 0.621, 1.07208, 125
0.012, 0.757, 1.13664, 125
0.013, 0.982, 1.22216, 125
0.014, 1.096, 1.36264, 125
0.015, 1.384, 1.5635, 125
0.016, 1.524, 1.46268, 125
0.017, 1.693, 1.57821, 125
0.018, 1.976, 1.65572, 125
0.019, 2.23, 1.71496, 125
0.02, 2.52, 1.75602, 125
0.021, 2.755, 1.88652, 125
0.022, 2.868, 1.93922, 125
0.023, 3.055, 2.08614, 125
0.024, 3.267, 2.08991, 125
0.025, 3.481, 2.14933, 125
0.026, 3.815, 2.34111, 125
0.027, 4.015, 2.39599, 125
0.028, 4.218, 2.51644, 125
0.029, 4.491, 2.4004, 125
0.03, 5.095, 2.96445, 125
0.031, 5.138, 2.99349, 125
0.032, 5.484, 3.07242, 125
0.033, 5.925, 3.42394, 125
0.034, 5.976, 3.24799, 125
0.035, 6.261, 3.00148, 125
0.036, 6.561, 3.57103, 125
0.037, 7.039, 3.82642, 125
0.038, 7.318, 4.0357, 125
0.039, 7.871, 4.31374, 125
0.04, 7.975, 4.09931, 125
0.041, 8.472, 5.12964, 125
0.042, 8.933, 5.09024, 125
0.043, 9.495, 5.08271, 125
0.044, 9.848, 5.29234, 125
0.045, 10.394, 7.37135, 125
0.046, 11.008, 6.23056, 125
0.047, 11.304, 6.56411, 125
0.048, 11.775, 6.60745, 125
0.049, 12.589, 7.09352, 125
0.05, 14.167, 21.3647, 125
0.051, 13.797, 9.42835, 125
0.052, 15.351, 16.8472, 125
0.053, 17.351, 30.5265, 125
0.054, 17.169, 20.106, 125
0.055, 18.642, 37.263, 125
0.056, 19.267, 22.4004, 125
0.057, 21.314, 43.1175, 125
0.058, 22.046, 30.8453, 125
0.059, 26.908, 49.9542, 125
0.06, 29.866, 62.213, 125
0.061, 32.63, 69.6424, 125
0.062, 44.971, 100.099, 125
0.063, 47.5, 97.6351, 125
0.064, 53.551, 107.597, 125
0.065, 57.734, 114.66, 125
0.066, 71.862, 128.098, 125
0.067, 80.36, 137.104, 125
0.068, 97.927, 158.49, 125
0.069, 102.147, 158.906, 125
0.07, 113.63, 165.079, 125
0.071, 144.285, 179.718, 125
0.072, 147.601, 178.762, 125
0.073, 162.839, 182.283, 125
0.074, 185.796, 187.26, 125
0.075, 199.92, 184.218, 125
0.076, 214.322, 181.274, 125
0.077, 239.794, 178.81, 125
0.078, 246.192, 169.887, 125
0.079, 264.362, 160.689, 125
0.08, 265.862, 149.643, 125
0.081, 280.441, 141.902, 125
0.082, 280.128, 129.096, 125
0.083, 291.45, 118.44, 125
0.084, 286.956, 108.154, 125
0.085, 295.649, 93.0956, 125
0.086, 285.904, 88.1159, 125
0.087, 277.814, 79.184, 125
0.088, 274.52, 73.2474, 125
0.089, 270.434, 62.8377, 125
0.09, 257.303, 57.8709, 125
0.091, 249.028, 53.3102, 125
0.092, 241.868, 55.231, 125
0.093, 235.299, 50.2279, 125
0.094, 226.874, 45.0583, 125
0.095, 218.074, 43.3607, 125
0.096, 208.847, 40.9723, 125
0.097, 202.242, 39.0566, 125
0.098, 197.316, 37.9542, 125
0.099, 189.817, 36.9113, 125
0.1, 182.462, 35.5498, 125
0.101, 176.519, 33.2858, 125
0.102, 170.967, 31.5711, 125
0.103, 164.468, 30.0002, 125
0.104, 158.78, 29.0354, 125
0.105, 156.188, 28.2603, 125
0.106, 150.519, 26.8046, 125
0.107, 144.705, 25.9892, 125
0.108, 143.388, 26.1004, 125
0.109, 136.649, 24.2391, 125
0.11, 133.464, 23.246, 125
0.111, 129.905, 21.6368, 125
0.112, 126.51, 20.899, 125
0.113, 123.688, 22.0411, 125
0.114, 120.464, 20.3444, 125
0.115, 116.66, 19.5577, 125
0.116, 115.563, 19.6645, 125
0.117, 111.024, 18.1732, 125
0.118, 108.901, 18.6553, 125
0.119, 106.66, 17.4271, 125
0.12, 103.204, 17.006, 125
0.121, 101.797, 16.7505, 125
0.122, 99.366, 16.9886, 125
0.123, 96.159, 16.079, 125
0.124, 95.011, 16.1015, 125
0.125, 93.795, 15.511, 125
0.126, 90.844, 14.7137, 125
0.127, 88.409, 14.566, 125
0.128, 87.742, 14.2875, 125
0.129, 85.418, 13.5053, 125
0.13, 83.737, 12.5874, 125
0.131, 82.748, 13.0792, 125
0.132, 80.649, 12.7256, 125
0.133, 78.981, 12.2898, 125
0.134, 77.895, 11.9435, 125
0.135, 76.129, 12.2542, 125
0.136, 74.667, 11.6305, 125
0.137, 73.987, 11.1632, 125
0.138, 71.863, 10.8453, 125
0.139, 70.975, 11.1344, 125
0.14, 69.862, 10.5983, 125
0.141, 69.264, 10.637, 125
0.142, 68.026, 10.2622, 125
0.143, 66.281, 10.2351, 125
0.144, 64.94, 9.59241, 125
0.145, 65.047, 10.0208, 125
0.146, 63.679, 9.36792, 125
0.147, 62.224, 9.37773, 125
0.148, 61.203, 8.83582, 125
0.149, 60.387, 9.16402, 125
0, 0, 0, 130
0.001, 0, 0, 130
0.002, 0.005, 0.0947365, 130
0.003, 0.021, 0.196364, 130
0.004, 0.036, 0.276955, 130
0.005, 0.09, 0.435775, 130
0.006, 0.12, 0.505569, 130
0.007, 0.159, 0.567203, 130
0.008, 0.249, 0.706399, 130
0.009, 0.392, 0.921052, 130
0.01, 0.544, 1.00203, 130
0.011, 0.674, 1.06945, 130
0.012, 0.78, 1.1241, 130
0.013, 1.058, 1.375, 130
0.014, 1.161, 1.30579, 130
0.015, 1.373, 1.41275, 130
0.016, 1.559, 1.44725, 130
0.017, 1.941, 1.62712, 130
0.018, 2.099, 1.6153, 130
0.019, 2.244, 1.59388, 130
0.02, 2.56, 1.83205, 130
0.021, 2.836, 2.09883, 130
0.022, 2.95, 1.90827, 130
0.023, 3.166, 1.88903, 130
0.024, 3.474, 2.12681, 130
0.025, 3.757, 2.25698, 130
0.026, 3.887, 2.16892, 130
0.027, 4.185, 2.4345, 130
0.028, 4.346, 2.3363, 130
0.029, 4.57, 2.50022, 130
0.03, 4.951, 2.63943, 130
0.031, 5.244, 2.79615, 130
0.032, 5.546, 2.97958, 130
0.033, 5.951, 3.31068, 130
0.034, 6.219, 3.3222, 130
0.035, 6.345, 3.37698, 130
0.036, 6.865, 3.7479, 130
0.037, 7.287, 4.05347, 130
0.038, 7.533, 3.78456, 130
0.039, 7.698, 3.80668, 130
0.04, 8.174, 4.00621, 130
0.041, 8.522, 4.51038, 130
0.042, 9.223, 5.02805, 130
0.043, 9.763, 5.56676, 130
0.044, 10.538, 8.14153, 130
0.045, 10.588, 6.45045, 130
0.046, 11.24, 6.52291, 130
0.047, 11.957, 21.9675, 130
0.048, 11.958, 6.89132, 130
0.049, 13.596, 21.5327, 130
0.05, 13.45, 8.87713, 130
0.051, 14.774, 13.3146, 130
0.052, 15.264, 10.0524, 130
0.053, 16.521, 21.6657, 130
0.054, 18.542, 32.5046, 130
0.055, 18.879, 29.4046, 130
0.056, 23.031, 49.1589, 130
0.057, 24.264, 50.3911, 130
0.058, 28.177, 61.9476, 130
0.059, 29.186, 61.5973, 130
0.06, 33.6, 75.6265, 130
0.061, 36.131, 79.4472, 130
0.062, 40.406, 84.4671, 130
0.063, 45.489, 96.4929, 130
0.064, 59.52, 119.607, 130
0.065, 63.534, 121.116, 130
0.066, 67.922, 125.92, 130
0.067, 88.888, 154.112, 130
0.068, 106.76, 167.57, 130
0.069, 121.182, 174.134, 130
0.07, 128.707, 176.543, 130
0.071, 154.246, 188.835, 130
0.072, 160.726, 187.821, 130
0.073, 177.526, 190.235, 130
0.074, 188.892, 190.554, 130
0.075, 224.012, 191.515, 130
0.076, 236.084, 188.645, 130
0.077, 248.531, 179.61, 130
0.078, 265.349, 174.822, 130
0.079, 282.671, 162.054, 130
0.08, 283.693, 152.339, 130
0.081, 301.632, 140.157, 130
0.082, 299.266, 128.741, 130
0.083, 301.651, 116.356, 130
0.084, 305.755, 101.722, 130
0.085, 299.106, 92.1362, 130
0.086, 295.591, 83.6676, 130
0.087, 287.56, 74.7107, 130
0.088, 279.374, 66.3473, 130
0.089, 272.018, 63.1677, 130
0.09, 263.761, 55.2337, 130
0.091, 256.366, 52.5841, 130
0.092, 246.322, 51.4141, 130
0.093, 237.578, 47.6466, 130
0.094, 228.482, 48.1072, 130
0.095, 218.136, 44.4389, 130
0.096, 212.325, 41.1735, 130
0.097, 203.893, 37.398, 130
0.098, 197.43, 36.1857, 130
0.099, 187.949, 35.8289, 130
0.1, 182.997, 35.3115, 130
0.101, 177.001, 33.4205, 130
0.102, 172.131, 30.9256, 130
0.103, 165.797, 29.9793, 130
0.104, 160.92, 30.0239, 130
0.105, 157.117, 28.1433, 130
0.106, 150.497, 26.6192, 130
0.107, 146.532, 26.0293, 130
0.108, 140.651, 25.136, 130
0.109, 138.237, 24.678, 130
0.11, 136.025, 22.9024, 130
0.111, 130.521, 22.0613, 130
0.112, 127.002, 21.9491, 130
0.113, 123.412, 20.5521, 130
0.114, 120.112, 20.5483, 130
0.115, 117.91, 20.4632, 130
0.116, 114.682, 18.929, 130
0.117, 111.552, 18.2769, 130
0.118, 108.738, 19.3109, 130
0.119, 105.743, 16.8901, 130
0.12, 105.092, 17.8275, 130
0.121, 101.381, 16.6195, 130
0.122, 98.557, 15.7258, 130
0.123, 97.478, 15.363, 130
0.124, 95.624, 15.644, 130
0.125, 94.002, 15.17, 130
0.126, 92.191, 14.5497, 130
0.127, 88.859, 13.3706, 130
0.128, 87.791, 14.0934, 130
0.129, 87.139, 13.6665, 130
0.13, 84.027, 12.8296, 130
0.131, 82.636, 12.9989, 130
0.132, 80.693, 12.1794, 130
0.133, 79.247, 11.6242, 130
0.134, 77.936, 11.7504, 130
0.135, 77.327, 12.3579, 130
0.136, 74.972, 11.7181, 130
0.137, 74.1, 11.2997, 130
0.138, 73.481, 11.272, 130
0.139, 70.681, 10.5853, 130
0.14, 70.6, 10.6567, 130
0.141, 69.111, 10.4358, 130
0.142, 68.32, 10.406, 130
0.143, 66.623, 10.0155, 130
0.144, 65.757, 10.0583, 130
0.145, 64.828, 10.0733, 130
0.146, 64.081, 9.72833, 130
0.147, 62.088, 9.07636, 130
0.148, 61.602, 9.27306, 130
0.149, 60.565, 8.9628, 130
0, 0, 0, 135
0.001, 0, 0, 135
0.002, 0.005, 0.0947365, 135
0.003, 0.03, 0.259037, 135
0.004, 0.039, 0.28192, 135
0.005, 0.056, 0.335952, 135
0.006, 0.133, 0.547093, 135
0.007, 0.219, 0.686323, 135
0.008, 0.271, 0.713834, 135
0.009, 0.402, 0.840474, 135
0.01, 0.552, 1.00065, 135
0.011, 0.749, 1.12428, 135
0.012, 0.772, 1.15759, 135
0.013, 1.094, 1.3361, 135
0.014, 1.274, 1.34347, 135
0.015, 1.533, 1.40603, 135
0.016, 1.733, 1.53939, 135
0.017, 1.937, 1.66824, 135
0.018, 2.145, 1.58933, 135
0.019, 2.51, 1.9287, 135
0.02, 2.588, 1.84018, 135
0.021, 2.882, 1.84067, 135
0.022, 3.155, 2.13892, 135
0.023, 3.343, 2.09937, 135
0.024, 3.671, 2.19653, 135
0.025, 3.665, 2.07913, 135
0.026, 4.109, 2.37805, 135
0.027, 4.263, 2.4421, 135
0.028, 4.549, 2.67686, 135
0.029, 4.834, 2.607, 135
0.03, 5.138, 2.85954, 135
0.031, 5.525, 3.05473, 135
0.032, 5.721, 3.08693, 135
0.033, 6.223, 3.26455, 135
0.034, 6.444, 3.57112, 135
0.035, 6.458, 3.13819, 135
0.036, 7.014, 3.65811, 135
0.037, 7.315, 3.87115, 135
0.038, 7.762, 4.31641, 135
0.039, 8.029, 4.24808, 135
0.04, 8.439, 4.31443, 135
0.041, 8.715, 4.16867, 135
0.042, 9.454, 5.59785, 135
0.043, 9.804, 5.23542, 135
0.044, 10.11, 5.37958, 135
0.045, 10.939, 6.3879, 135
0.046, 11.551, 6.51179, 135
0.047, 11.833, 6.4107, 135
0.048, 12.896, 7.37219, 135
0.049, 13.495, 7.54983, 135
0.05, 13.781, 8.23232, 135
0.051, 15.816, 27.4563, 135
0.052, 15.488, 9.93498, 135
0.053, 16.507, 11.6438, 135
0.054, 17.658, 25.2152, 135
0.055, 23.832, 62.3593, 135
0.056, 21.546, 34.4349, 135
0.057, 23.477, 49.0714, 135
0.058, 28.007, 57.1182, 135
0.059, 31.789, 75.7682, 135
0.06, 39.155, 85.7603, 135
0.061, 42.25, 94.8251, 135
0.062, 45.436, 93.4681, 135
0.063, 52.952, 111.395, 135
0.064, 61.866, 124.351, 135
0.065, 68.729, 128.97, 135
0.066, 90.45, 157.194, 135
0.067, 93.445, 158.487, 135
0.068, 111.057, 171.383, 135
0.069, 127.673, 186.051, 135
0.07, 147.411, 192.562, 135
0.071, 158.046, 194.226, 135
0.072, 178.602, 199.08, 135
0.073, 194.172, 204.202, 135
0.074, 219.283, 200.25, 135
0.075, 243.259, 196.894, 135
0.076, 246.567, 193.908, 135
0.077, 266.324, 188.218, 135
0.078, 274.508, 177.583, 135
0.079, 287.903, 162.564, 135
0.08, 303.914, 148.936, 135
0.081, 301.345, 138.577, 135
0.082, 318.917, 119.797, 135
0.083, 318.965, 111.171, 135
0.084, 308.522, 101.368, 135
0.085, 312.268, 89.7021, 135
0.086, 299.202, 82.4981, 135
0.087, 291.223, 72.0415, 135
0.088, 279.356, 68.6793, 135
0.089, 275.473, 59.7325, 135
0.09, 267.348, 57.5938, 135
0.091, 254.877, 55.1116, 135
0.092, 249.898, 52.1096, 135
0.093, 236.264, 46.3678, 135
0.094, 226.952, 43.1103, 135
0.095, 220.593, 41.8517, 135
0.096, 212.266, 40.9151, 135
0.097, 206.958, 40.1639, 135
0.098, 197.095, 37.799, 135
0.099, 189.086, 35.3763, 135
0.1, 184.707, 32.8995, 135
0.101, 176.9, 32.2033, 135
0.102, 171.008, 31.5315, 135
0.103, 164.492, 29.6118, 135
0.104, 161.893, 29.826, 135
0.105, 157.223, 28.6003, 135
0.106, 149.818, 25.798, 135
0.107, 147.139, 24.6007, 135
0.108, 143.271, 26.0102, 135
0.109, 137.403, 23.5918, 135
0.11, 134.701, 22.9941, 135
0.111, 129.686, 21.4044, 135
0.112, 128.441, 21.3909, 135
0.113, 124.565, 20.051, 135
0.114, 121.736, 19.9049, 135
0.115, 118.458, 19.8973, 135
0.116, 115.718, 19.2895, 135
0.117, 111.646, 18.5803, 135
0.118, 109.886, 17.0682, 135
0.119, 106.158, 16.8273, 135
0.12, 104.381, 16.3423, 135
0.121, 102.267, 16.3073, 135
0.122, 99.817, 15.501, 135
0.123, 98.271, 16.0527, 135
0.124, 95.379, 14.6089, 135
0.125, 92.66, 14.0894, 135
0.126, 91.381, 13.9618, 135
0.127, 89.096, 14.1337, 135
0.128, 87.98, 13.587, 135
0.129, 86.103, 13.476, 135
0.13, 84.385, 13.1236, 135
0.131, 82.836, 13.4259, 135
0.132, 80.789, 11.9379, 135
0.133, 79.758, 12.0514, 135
0.134, 77.817, 11.5333, 135
0.135, 76.68, 11.2613, 135
0.136, 75.107, 11.6209, 135
0.137, 74.39, 11.7706, 135
0.138, 72.439, 11.115, 135
0.139, 71.329, 10.6584, 135
0.14, 70.106, 10.7687, 135
0.141, 69.546, 10.5582, 135
0.142, 68.136, 10.1172, 135
0.143, 66.584, 9.9697, 135
0.144, 65.674, 10.2006, 135
0.145, 64.757, 9.44044, 135
0.146, 63.603, 9.03955, 135
0.147, 62.824, 9.33868, 135
0.148, 61.877, 9.33102, 135
0.149, 60.508, 8.58533, 135
0, 0, 0, 140
0.001, 0, 0, 140
0.002, 0.007, 0.130196, 140
0.003, 0.014, 0.172638, 140
0.004, 0.049, 0.314005, 140
0.005, 0.077, 0.375594, 140
0.006, 0.145, 0.513785, 140
0.007, 0.227, 0.643017, 140
0.008, 0.349, 0.809444, 140
0.009, 0.458, 0.924249, 140
0.01, 0.577, 1.04119, 140
0.011, 0.807, 1.15402, 140
0.012, 0.894, 1.18607, 140
0.013, 1.131, 1.33785, 140
0.014, 1.277, 1.40152, 140
0.015, 1.6, 1.51394, 140
0.016, 1.8, 1.53297, 140
0.017, 2.102, 1.69458, 140
0.018, 2.239, 1.58993, 140
0.019, 2.516, 1.68515, 140
0.02, 2.62, 1.80488, 140
0.021, 2.972, 1.95121, 140
0.022, 3.173, 1.90816, 140
0.023, 3.404, 2.10921, 140
0.024, 3.76, 2.21233, 140
0.025, 3.933, 2.17313, 140
0.026, 4.101, 2.41595, 140
0.027, 4.454, 2.67168, 140
0.028, 4.774, 2.63949, 140
0.029, 5.02, 2.84035, 140
0.03, 5.2, 2.795, 140
0.031, 5.686, 3.02909, 140
0.032, 5.896, 2.98181, 140
0.033, 6.184, 3.22617, 140
0.034, 6.629, 3.24521, 140
0.035, 6.955, 3.62725, 140
0.036, 7.155, 3.90243, 140
0.037, 7.569, 3.96147, 140
0.038, 8.053, 4.18308, 140
0.039, 8.413, 4.25234, 140
0.04, 9.086, 5.50841, 140
0.041, 9.191, 5.03969, 140
0.042, 9.792, 5.01246, 140
0.043, 10.146, 5.44561, 140
0.044, 10.88, 11.0999, 140
0.045, 11.612, 9.19236, 140
0.046, 11.972, 8.80688, 140
0.047, 12.531, 6.84259, 140
0.048, 13.155, 8.25645, 140
0.049, 13.577, 7.15486, 140
0.05, 14.474, 9.61183, 140
0.051, 15.43, 12.3345, 140
0.052, 16.326, 19.1373, 140
0.053, 18.422, 28.5175, 140
0.054, 18.21, 29.4801, 140
0.055, 20.502, 35.942, 140
0.056, 21.894, 36.2439, 140
0.057, 29.386, 71.9303, 140
0.058, 27.866, 61.3678, 140
0.059, 36.099, 86.3997, 140
0.06, 38.316, 88.8532, 140
0.061, 46.849, 103.466, 140
0.062, 50.895, 112.899, 140
0.063, 59.146, 125.943, 140
0.064, 54.278, 107.475, 140
0.065, 79.777, 148.075, 140
0.066, 92.578, 161.448, 140
0.067, 98.11, 162.998, 140
0.068, 122.399, 186.968, 140
0.069, 131.257, 186.247, 140
0.07, 140.288, 188.899, 140
0.071, 173.296, 204.232, 140
0.072, 186.976, 210.106, 140
0.073, 221.839, 212.503, 140
0.074, 241.872, 209.25, 140
0.075, 258.283, 200.954, 140
0.076, 273.949, 196.296, 140
0.077, 293.16, 185.177, 140
0.078, 300.171, 176.119, 140
0.079, 314.047, 161.009, 140
0.08, 317.432, 149.785, 140
0.081, 331.737, 130.537, 140
0.082, 329.485, 119.206, 140
0.083, 326.621, 107.744, 140
0.084, 322.402, 100.251, 140
0.085, 315.336, 84.7485, 140
0.086, 306.33, 79.8663, 140
0.087, 296.808, 70.6182, 140
0.088, 288.041, 66.7389, 140
0.089, 279.902, 58.3783, 140
0.09, 263.793, 59.5687, 140
0.091, 261.424, 56.1163, 140
0.092, 248.57, 49.5574, 140
0.093, 237.625, 46.8208, 140
0.094, 231.699, 46.3881, 140
0.095, 219.795, 41.847, 140
0.096, 212.34, 39.5397, 140
0.097, 204.275, 39.2382, 140
0.098, 197.591, 35.6128, 140
0.099, 191.919, 35.2322, 140
0.1, 184.721, 34.2644, 140
0.101, 179.276, 31.9353, 140
0.102, 172.731, 30.6301, 140
0.103, 167.463, 29.5205, 140
0.104, 162.733, 28.0171, 140
0.105, 155.926, 27.6931, 140
0.106, 152.36, 26.2272, 140
0.107, 147.136, 23.8685, 140
0.108, 142.615, 24.0837, 140
0.109, 138.836, 23.5985, 140
0.11, 135.931, 22.9493, 140
0.111, 130.484, 21.0565, 140
0.112, 128.677, 21.6133, 140
0.113, 123.958, 19.7231, 140
0.114, 122.42, 20.3524, 140
0.115, 119.194, 19.4438, 140
0.116, 114.417, 18.402, 140
0.117, 112.757, 18.0983, 140
0.118, 110.014, 17.5376, 140
0.119, 107.479, 15.778, 140
0.12, 104.996, 16.3322, 140
0.121, 102.066, 16.0321, 140
0.122, 100.729, 16.2382, 140
0.123, 98.569, 15.982, 140
0.124, 95.777, 15.0233, 140
0.125, 93.307, 14.0708, 140
0.126, 91.593, 13.8325, 140
0.127, 89.794, 13.6927, 140
0.128, 88.383, 13.6142, 140
0.129, 85.21, 12.9412, 140
0.13, 84.484, 13.1548, 140
0.131, 82.673, 13.1495, 140
0.132, 81.152, 11.8703, 140
0.133, 80.128, 12.0755, 140
0.134, 78.747, 12.5974, 140
0.135, 76.996, 11.9227, 140
0.136, 75.237, 10.9673, 140
0.137, 74.202, 11.246, 140
0.138, 72.345, 10.7471, 140
0.139, 72.422, 11.182, 140
0.14, 70.028, 10.3463, 140
0.141, 69.421, 10.4073, 140
0.142, 67.672, 9.2689, 140
0.143, 66.704, 9.9791, 140
0.144, 65.401, 9.30302, 140
0.145, 64.63, 9.51331, 140
0.146, 64.085, 9.58185, 140
0.147, 62.67, 9.30468, 140
0.148, 61.983, 9.29046, 140
0.149, 61.296, 9.29012, 140
0, 0, 0, 145
0.001, 0, 0, 145
0.002, 0.008, 0.126238, 145
0.003, 0.013, 0.144329, 145
0.004, 0.029, 0.275969, 145
0.005, 0.087, 0.421226, 145
0.006, 0.144, 0.541539, 145
0.007, 0.231, 0.723629, 145
0.008, 0.351, 0.865909, 145
0.009, 0.443, 0.845429, 145
0.01, 0.594, 1.02331, 145
0.011, 0.834, 1.19182, 145
0.012, 0.97, 1.25344, 145
0.013, 1.206, 1.37679, 145
0.014, 1.465, 1.43763, 145
0.015, 1.661, 1.48731, 145
0.016, 1.913, 1.63995, 145
0.017, 2.115, 1.61734, 145
0.018, 2.28, 1.60112, 145
0.019, 2.539, 1.8266, 145
0.02, 2.726, 1.77057, 145
0.021, 3.027, 1.83419, 145
0.022, 3.133, 1.84101, 145
0.023, 3.566, 1.9949, 145
0.024, 3.737, 2.17344, 145
0.025, 4.027, 2.14156, 145
0.026, 4.281, 2.57061, 145
0.027, 4.51, 2.62981, 145
0.028, 4.939, 2.83959, 145
0.029, 5.189, 2.89504, 145
0.03, 5.31, 2.82947, 145
0.031, 5.888, 3.09345, 145
0.032, 6.142, 3.03213, 145
0.033, 6.322, 3.21439, 145
0.034, 6.619, 3.15434, 145
0.035, 6.961, 3.4295, 145
0.036, 7.418, 3.66842, 145
0.037, 7.668, 3.86028, 145
0.038, 7.928, 3.97377, 145
0.039, 8.356, 3.95516, 145
0.04, 8.849, 4.68766, 145
0.041, 9.446, 5.58329, 145
0.042, 9.621, 5.36278, 145
0.043, 10.185, 5.04111, 145
0.044, 10.946, 5.70185, 145
0.045, 11.117, 5.81716, 145
0.046, 11.752, 6.45418, 145
0.047, 12.695, 9.47407, 145
0.048, 13.614, 8.5327, 145
0.049, 14.077, 9.53829, 145
0.05, 14.964, 9.0353, 145
0.051, 15.602, 10.6312, 145
0.052, 18.154, 35.4508, 145
0.053, 18.369, 30.1324, 145
0.054, 20.247, 34.5288, 145
0.055, 20.52, 22.7493, 145
0.056, 23.708, 47.4043, 145
0.057, 29.312, 65.5945, 145
0.058, 31.984, 72.6215, 145
0.059, 36.827, 87.455, 145
0.06, 40.095, 88.8542, 145
0.061, 46.757, 107.655, 145
0.062, 51.726, 111.028, 145
0.063, 63.514, 135.278, 145
0.064, 76.481, 147.176, 145
0.065, 94.353, 171.659, 145
0.066, 101.031, 171.256, 145
0.067, 111.623, 180.024, 145
0.068, 130.464, 195.54, 145
0.069, 152.759, 206.272, 145
0.07, 176.069, 212.418, 145
0.071, 192.976, 217.15, 145
0.072, 213.4, 219.861, 145
0.073, 222.414, 215.74, 145
0.074, 238.072, 213.796, 145
0.075, 265.436, 211.019, 145
0.076, 293.055, 202.745, 145
0.077, 302.149, 186.182, 145
0.078, 316.467, 181.025, 145
0.079, 326.523, 162.744, 145
0.08, 334.737, 149.877, 145
0.081, 336.46, 134.943, 145
0.082, 337.675, 121.571, 145
0.083, 331.683, 106.409, 145
0.084, 332.732, 94.3706, 145
0.085, 323.311, 82.6653, 145
0.086, 310.416, 73.3628, 145
0.087, 298.972, 71.49, 145
0.088, 289.659, 64.2502, 145
0.089, 281.996, 61.2062, 145
0.09, 268.984, 54.6098, 145
0.091, 260.45, 52.8512, 145
0.092, 250.62, 49.5233, 145
0.093, 238.573, 49.4743, 145
0.094, 232.93, 45.7056, 145
0.095, 220.128, 39.9328, 145
0.096, 215.65, 41.8507, 145
0.097, 206.841, 38.0536, 145
0.098, 198.46, 37.7418, 145
0.099, 192.487, 35.6274, 145
0.1, 184.746, 34.5547, 145
0.101, 177.998, 32.1141, 145
0.102, 172.367, 30.5972, 145
0.103, 166.839, 29.4104, 145
0.104, 162.491, 28.8208, 145
0.105, 156.859, 27.7001, 145
0.106, 151.862, 25.4997, 145
0.107, 149.799, 26.6028, 145
0.108, 143.458, 24.1163, 145
0.109, 139.97, 23.874, 145
0.11, 135.08, 22.0268, 145
0.111, 131.94, 21.9937, 145
0.112, 127.847, 21.2106, 145
0.113, 125.555, 20.2591, 145
0.114, 122.076, 20.0592, 145
0.115, 118.719, 18.9488, 145
0.116, 115.661, 18.9827, 145
0.117, 111.962, 18.2791, 145
0.118, 110.456, 17.4315, 145
0.119, 107.51, 17.5095, 145
0.12, 105.472, 16.9499, 145
0.121, 102.382, 15.6499, 145
0.122, 100.686, 16.3634, 145
0.123, 97.991, 15.1072, 145
0.124, 95.668, 14.1324, 145
0.125, 94.305, 14.1748, 145
0.126, 92.349, 14.3625, 145
0.127, 90.025, 13.9776, 145
0.128, 87.911, 13.6487, 145
0.129, 87.113, 13.6107, 145
0.13, 84.678, 12.7266, 145
0.131, 83.04, 12.2399, 145
0.132, 81.368, 12.433, 145
0.133, 79.576, 11.9931, 145
0.134, 77.97, 11.1313, 145
0.135, 77.579, 11.7209, 145
0.136, 75.827, 11.1684, 145
0.137, 74.683, 10.634, 145
0.138, 73.209, 10.8934, 145
0.139, 71.918, 11.299, 145
0.14, 70.315, 10.0602, 145
0.141, 68.783, 10.2153, 145
0.142, 68.354, 10.056, 145
0.143, 67.463, 10.2386, 145
0.144, 66.195, 9.76581, 145
0.145, 65.631, 9.83346, 145
0.146, 63.939, 9.48648, 145
0.147, 63.394, 9.46112, 145
0.148, 61.837, 8.9007, 145
0.149, 61.394, 9.08652, 145
0, 0, 0, 150
0.001, 0, 0, 150
0.002, 0.014, 0.178337, 150
0.003, 0.02, 0.227156, 150
0.004, 0.041, 0.274443, 150
0.005, 0.084, 0.430051, 150
0.006, 0.18, 0.607947, 150
0.007, 0.249, 0.664078, 150
0.008, 0.345, 0.796225, 150
0.009, 0.455, 0.88768, 150
0.01, 0.685, 1.10171, 150
0.011, 0.812, 1.13166, 150
0.012, 1.031, 1.27045, 150
0.013, 1.257, 1.42511, 150
0.014, 1.505, 1.4656, 150
0.015, 1.749, 1.5582, 150
0.016, 1.919, 1.56603, 150
0.017, 2.185, 1.61579, 150
0.018, 2.475, 1.73533, 150
0.019, 2.695, 1.72684, 150
0.02, 2.906, 1.96651, 150
0.021, 3.081, 1.86345, 150
0.022, 3.327, 1.91679, 150
0.023, 3.575, 2.05289, 150
0.024, 3.798, 2.07441, 150
0.025, 4.073, 2.20129, 150
0.026, 4.399, 2.43758, 150
0.027, 4.615, 2.43778, 150
0.028, 4.98, 2.54472, 150
0.029, 5.274, 2.63, 150
0.03, 5.649, 3.25635, 150
0.031, 5.894, 3.34406, 150
0.032, 6.16, 2.94931, 150
0.033, 6.661, 3.42141, 150
0.034, 6.834, 3.50178, 150
0.035, 7.079, 3.38744, 150
0.036, 7.522, 4.72266, 150
0.037, 7.825, 3.98025, 150
0.038, 8.419, 4.30133, 150
0.039, 8.722, 4.36036, 150
0.04, 9.508, 4.71486, 150
0.041, 9.522, 4.49327, 150
0.042, 10.114, 5.4438, 150
0.043, 10.929, 5.66144, 150
0.044, 11.037, 5.73355, 150
0.045, 12.097, 6.77419, 150
0.046, 12.49, 6.63822, 150
0.047, 13.239, 7.33934, 150
0.048, 14.396, 24.5625, 150
0.049, 15.462, 24.6237, 150
0.05, 15.562, 21.1756, 150
0.051, 18.392, 39.7729, 150
0.052, 18.072, 32.1326, 150
0.053, 20.419, 48.3022, 150
0.054, 22.987, 54.0474, 150
0.055, 23.385, 52.0252, 150
0.056, 31.829, 78.2654, 150
0.057, 29.353, 66.8673, 150
0.058, 37.407, 92.6483, 150
0.059, 36.19, 84.2361, 150
0.06, 40.765, 89.2738, 150
0.061, 54.478, 121.78, 150
0.062, 52.996, 115.821, 150
0.063, 71.66, 143.382, 150
0.064, 76.612, 150.86, 150
0.065, 94.559, 171.936, 150
0.066, 99.769, 174.709, 150
0.067, 112.729, 184.287, 150
0.068, 142.174, 205.411, 150
0.069, 158.333, 210.653, 150
0.07, 178.461, 218.411, 150
0.071, 205.288, 229.018, 150
0.072, 218.843, 224.339, 150
0.073, 243.221, 225.157, 150
0.074, 277.646, 223.027, 150
0.075, 296.836, 213.711, 150
0.076, 300.346, 205.927, 150
0.077, 319.9, 192.239, 150
0.078, 338.772, 172.772, 150
0.079, 345.845, 163.937, 150
0.08, 348.235, 142.99, 150
0.081, 356.309, 123.595, 150
0.082, 345.294, 119.899, 150
0.083, 342.243, 103.787, 150
0.084, 336.228, 92.6282, 150
0.085, 327.64, 77.861, 150
0.086, 320.21, 77.515, 150
0.087, 307.39, 73.1625, 150
0.088, 292.329, 62.1099, 150
0.089, 283.749, 56.8471, 150
0.09, 270.429, 52.7469, 150
0.091, 261.707, 53.308, 150
0.092, 251.582, 49.1481, 150
0.093, 241.944, 47.9726, 150
0.094, 232.379, 43.6942, 150
0.095, 221.596, 41.5688, 150
0.096, 214.526, 42.2053, 150
0.097, 206.18, 37.6618, 150
0.098, 199.469, 35.9191, 150
0.099, 191.734, 35.6903, 150
0.1, 183.36, 32.9248, 150
0.101, 180.47, 32.1876, 150
0.102, 173.526, 30.2994, 150
0.103, 168.819, 28.4686, 150
0.104, 162.964, 29.213, 150
0.105, 157.05, 26.8534, 150
0.106, 152.15, 25.4198, 150
0.107, 147.216, 25.2376, 150
0.108, 144.637, 24.1358, 150
0.109, 141.69, 24.4136, 150
0.11, 135.62, 22.4964, 150
0.111, 131.807, 21.7204, 150
0.112, 128.377, 21.1314, 150
0.113, 125.282, 21.1354, 150
0.114, 122.35, 20.4462, 150
0.115, 119.714, 19.4132, 150
0.116, 116.122, 18.6142, 150
0.117, 113.806, 18.1408, 150
0.118, 110.541, 17.2145, 150
0.119, 108.095, 17.3276, 150
0.12, 105.817, 17.1329, 150
0.121, 102.461, 16.3018, 150
0.122, 99.434, 15.1854, 150
0.123, 98.184, 14.1441, 150
0.124, 96.147, 14.3223, 150
0.125, 93.95, 14.5565, 150
0.126, 92.908, 14.6412, 150
0.127, 90.235, 13.8148, 150
0.128, 88.339, 13.5566, 150
0.129, 87.233, 13.0895, 150
0.13, 85.09, 12.9941, 150
0.131, 83.822, 12.5745, 150
0.132, 81.597, 11.8458, 150
0.133, 80.792, 12.205, 150
0.134, 78.956, 11.992, 150
0.135, 77.349, 11.5104, 150
0.136, 75.555, 10.8423, 150
0.137, 74.698, 11.0806, 150
0.138, 73.17, 10.3928, 150
0.139, 72.206, 10.2528, 150
0.14, 70.592, 10.2022, 150
0.141, 69.331, 10.0137, 150
0.142, 68.074, 9.3946, 150
0.143, 67.27, 9.56102, 150
0.144, 66.479, 9.61902, 150
0.145, 65.259, 9.59228, 150
0.146, 63.952, 8.77141, 150
0.147, 63.467, 8.91846, 150
0.148, 61.87, 8.84427, 150
0.149, 61.224, 9.01653, 150
0, 0, 0, 155
0.001, 0, 0, 155
0.002, 0.005, 0.0947365, 155
0.003, 0.019, 0.206492, 155
0.004, 0.042, 0.279707, 155
0.005, 0.105, 0.477467, 155
0.006, 0.183, 0.556337, 155
0.007, 0.275, 0.730325, 155
0.008, 0.361, 0.83826, 155
0.009, 0.495, 0.924108, 155
0.01, 0.732, 1.12079, 155
0.011, 0.865, 1.15792, 155
0.012, 1.107, 1.25998, 155
0.013, 1.358, 1.38124, 155
0.014, 1.502, 1.36088, 155
0.015, 1.788, 1.57132, 155
0.016, 2.117, 1.55026, 155
0.017, 2.195, 1.45704, 155
0.018, 2.541, 1.67401, 155
0.019, 2.761, 1.84767, 155
0.02, 2.956, 1.90422, 155
0.021, 3.218, 1.87789, 155
0.022, 3.46, 2.03774, 155
0.023, 3.578, 2.02186, 155
0.024, 3.924, 2.09338, 155
0.025, 4.228, 2.29129, 155
0.026, 4.566, 2.51985, 155
0.027, 4.786, 2.42862, 155
0.028, 5.14, 2.51165, 155
0.029, 5.428, 2.69459, 155
0.03, 5.713, 2.87587, 155
0.031, 6.01, 2.98896, 155
0.032, 6.344, 3.06654, 155
0.033, 6.477, 2.93692, 155
0.034, 7.207, 3.46528, 155
0.035, 7.357, 3.67036, 155
0.036, 7.662, 3.53889, 155
0.037, 8.069, 3.95755, 155
0.038, 8.494, 4.28158, 155
0.039, 8.672, 4.09248, 155
0.04, 9.482, 5.14156, 155
0.041, 10.877, 29.5063, 155
0.042, 10.481, 6.12288, 155
0.043, 11.171, 6.54582, 155
0.044, 11.572, 6.66054, 155
0.045, 12.304, 7.50037, 155
0.046, 12.25, 6.65999, 155
0.047, 13.116, 8.43484, 155
0.048, 13.954, 9.21129, 155
0.049, 15.125, 10.5038, 155
0.05, 16.448, 31.0977, 155
0.051, 18.218, 36.0543, 155
0.052, 19.619, 33.9707, 155
0.053, 19.206, 30.3877, 155
0.054, 21.962, 41.8771, 155
0.055, 26.909, 63.0093, 155
0.056, 25.751, 53.5565, 155
0.057, 28.192, 62.1904, 155
0.058, 36.53, 85.8568, 155
0.059, 41.687, 97.9965, 155
0.06, 42.773, 92.9677, 155
0.061, 62.06, 139.203, 155
0.062, 66.502, 143.223, 155
0.063, 72.734, 148.685, 155
0.064, 76.521, 152.269, 155
0.065, 109.78, 190.611, 155
0.066, 102.983, 177.568, 155
0.067, 134.267, 208.036, 155
0.068, 168.218, 228.239, 155
0.069, 174.814, 229.214, 155
0.07, 192.017, 227.878, 155
0.071, 209.162, 231.37, 155
0.072, 243.49, 236.42, 155
0.073, 252.913, 227.058, 155
0.074, 281.621, 222.66, 155
0.075, 302.616, 215.066, 155
0.076, 333.773, 202.862, 155
0.077, 334.835, 189.937, 155
0.078, 347.698, 176.02, 155
0.079, 358.989, 155.103, 155
0.08, 363.985, 146.598, 155
0.081, 360.284, 129.379, 155
0.082, 358.523, 108.929, 155
0.083, 348.645, 98.1287, 155
0.084, 343.726, 90.7138, 155
0.085, 332.463, 74.8106, 155
0.086, 319.689, 72.616, 155
0.087, 308.297, 68.3892, 155
0.088, 293.896, 61.8024, 155
0.089, 283.015, 55.6273, 155
0.09, 270.584, 54.7326, 155
0.091, 264.607, 53.764, 155
0.092, 252.47, 51.0694, 155
0.093, 241.488, 46.8208, 155
0.094, 233.491, 45.5951, 155
0.095, 223.116, 41.687, 155
0.096, 216.676, 41.2759, 155
0.097, 207.586, 37.4097, 155
0.098, 200.254, 35.7514, 155
0.099, 192.41, 33.7935, 155
0.1, 186.129, 31.8924, 155
0.101, 179.326, 32.6794, 155
0.102, 173.867, 29.7261, 155
0.103, 167.342, 27.8628, 155
0.104, 163.788, 28.4705, 155
0.105, 157.84, 27.2362, 155
0.106, 152.907, 25.3514, 155
0.107, 148.66, 25.2599, 155
0.108, 144.028, 24.5159, 155
0.109, 140.466, 23.9339, 155
0.11, 135.782, 21.8389, 155
0.111, 132.424, 20.8152, 155
0.112, 129.379, 21.69, 155
0.113, 124.839, 19.5753, 155
0.114, 122.419, 19.857, 155
0.115, 119.886, 20.0159, 155
0.116, 116.442, 18.3032, 155
0.117, 113.843, 17.9203, 155
0.118, 110.084, 17.2227, 155
0.119, 108.76, 17.2251, 155
0.12, 104.318, 15.6189, 155
0.121, 102.637, 16.087, 155
0.122, 101.346, 15.9954, 155
0.123, 98.475, 15.2097, 155
0.124, 96.086, 14.0816, 155
0.125, 94.626, 14.464, 155
0.126, 92.709, 14.0728, 155
0.127, 90.206, 13.766, 155
0.128, 88.861, 13.6727, 155
0.129, 86.753, 12.93, 155
0.13, 85.142, 12.7596, 155
0.131, 84.353, 12.7487, 155
0.132, 82.179, 12.1964, 155
0.133, 80.312, 12.3645, 155
0.134, 79.654, 12.1144, 155
0.135, 77.082, 11.2121, 155
0.136, 76.357, 11.0116, 155
0.137, 75.221, 11.1901, 155
0.138, 73.501, 10.6426, 155
0.139, 72.303, 10.5087, 155
0.14, 70.71, 10.2607, 155
0.141, 70.42, 10.4844, 155
0.142, 67.996, 8.99778, 155
0.143, 68.022, 9.80732, 155
0.144, 66.2, 9.31375, 155
0.145, 65.949, 9.73008, 155
0.146, 64.287, 9.13743, 155
0.147, 63.26, 9.00802, 155
0.148, 62.188, 8.68715, 155
0.149, 61.42, 8.45279, 155
0, 0, 0, 160
0.001, 0, 0, 160
0.002, 0.002, 0.0632139, 160
0.003, 0.016, 0.189061, 160
0.004, 0.081, 0.395524, 160
0.005, 0.107, 0.428429, 160
0.006, 0.176, 0.563049, 160
0.007, 0.278, 0.7581, 160
0.008, 0.411, 0.860278, 160
0.009, 0.573, 1.02209, 160
0.01, 0.752, 1.11557, 160
0.011, 0.872, 1.16603, 160
0.012, 1.096, 1.21934, 160
0.013, 1.406, 1.40469, 160
0.014, 1.667, 1.45469, 160
0.015, 1.869, 1.53943, 160
0.016, 2.052, 1.56374, 160
0.017, 2.339, 1.62791, 160
0.018, 2.64, 1.93246, 160
0.019, 2.829, 1.93798, 160
0.02, 3.211, 1.9017, 160
0.021, 3.343, 2.05118, 160
0.022, 3.476, 1.96403, 160
0.023, 3.808, 2.35184, 160
0.024, 4.047, 2.15193, 160
0.025, 4.395, 2.34968, 160
0.026, 4.586, 2.58971, 160
0.027, 4.797, 2.41284, 160
0.028, 5.147, 2.58639, 160
0.029, 5.493, 2.70147, 160
0.03, 5.804, 2.69139, 160
0.031, 6.007, 3.18103, 160
0.032, 6.458, 3.28089, 160
0.033, 6.605, 3.10789, 160
0.034, 6.848, 3.08008, 160
0.035, 7.409, 3.48737, 160
0.036, 7.932, 3.91119, 160
0.037, 8.588, 4.77622, 160
0.038, 8.474, 4.0298, 160
0.039, 9.408, 4.74168, 160
0.04, 9.706, 4.96423, 160
0.041, 10.114, 5.13741, 160
0.042, 10.896, 5.65908, 160
0.043, 11.409, 5.8976, 160
0.044, 11.459, 6.05164, 160
0.045, 12.094, 6.01608, 160
0.046, 12.723, 6.28715, 160
0.047, 13.384, 6.88481, 160
0.048, 14.753, 8.93902, 160
0.049, 15.402, 10.0092, 160
0.05, 16.061, 9.59048, 160
0.051, 18.204, 37.2726, 160
0.052, 20.642, 43.7396, 160
0.053, 21.324, 42.3399, 160
0.054, 20.963, 26.1122, 160
0.055, 24.392, 48.5523, 160
0.056, 33.785, 84.3191, 160
0.057, 36.268, 90.7713, 160
0.058, 42.478, 105.651, 160
0.059, 37.57, 84.3579, 160
0.06, 47.703, 108.154, 160
0.061, 56.058, 122.082, 160
0.062, 67.589, 147.022, 160
0.063, 70.758, 144.453, 160
0.064, 86.95, 166.327, 160
0.065, 107.122, 190.141, 160
0.066, 113.051, 190.072, 160
0.067, 132.99, 203.87, 160
0.068, 171.218, 232.352, 160
0.069, 183.961, 231.339, 160
0.07, 210.952, 242.099, 160
0.071, 231.84, 238.819, 160
0.072, 254.894, 241.999, 160
0.073, 276.798, 234.928, 160
0.074, 307.35, 230.559, 160
0.075, 329.355, 220.136, 160
0.076, 337.643, 206.206, 160
0.077, 358.604, 191.416, 160
0.078, 365.972, 172.492, 160
0.079, 380.855, 150.935, 160
0.08, 373.378, 142.457, 160
0.081, 375.91, 120.305, 160
0.082, 370.005, 108.832, 160
0.083, 357.233, 88.6202, 160
0.084, 354.051, 87.5626, 160
0.085, 337.067, 79.8971, 160
0.086, 325.892, 70.981, 160
0.087, 312.555, 66.0101, 160
0.088, 297.983, 61.326, 160
0.089, 286.56, 59.5321, 160
0.09, 275.985, 53.3187, 160
0.091, 265.318, 49.1161, 160
0.092, 253.941, 49.8036, 160
0.093, 241.296, 45.4635, 160
0.094, 232.896, 43.5706, 160
0.095, 223.954, 40.3046, 160
0.096, 216.354, 39.4786, 160
0.097, 210.229, 38.1732, 160
0.098, 200.011, 35.2058, 160
0.099, 193.999, 34.3482, 160
0.1, 187.63, 34.1246, 160
0.101, 180.385, 32.5584, 160
0.102, 174.35, 30.5848, 160
0.103, 170.733, 29.7115, 160
0.104, 164.315, 28.5259, 160
0.105, 159.346, 27.1522, 160
0.106, 153.478, 25.5485, 160
0.107, 149.468, 24.9682, 160
0.108, 144.316, 23.5174, 160
0.109, 138.316, 22.4609, 160
0.11, 136.806, 21.9011, 160
0.111, 132.068, 21.5135, 160
0.112, 127.724, 20.1414, 160
0.113, 125.34, 19.4764, 160
0.114, 122.574, 19.8932, 160
0.115, 119.702, 18.5716, 160
0.116, 116.384, 17.786, 160
0.117, 113.094, 16.7952, 160
0.118, 111.315, 17.1108, 160
0.119, 108.087, 16.2434, 160
0.12, 105.634, 16.4855, 160
0.121, 103.518, 16.2439, 160
0.122, 101.237, 15.8978, 160
0.123, 98.497, 14.8941, 160
0.124, 97.053, 14.7019, 160
0.125, 94.905, 14.4311, 160
0.126, 92.883, 13.8554, 160
0.127, 91.677, 14.2511, 160
0.128, 88.968, 12.831, 160
0.129, 86.751, 12.3662, 160
0.13, 85.565, 12.741, 160
0.131, 83.542, 11.9245, 160
0.132, 81.747, 11.5178, 160
0.133, 81.017, 12.6048, 160
0.134, 78.54, 11.0731, 160
0.135, 77.564, 11.6854, 160
0.136, 76.021, 10.8441, 160
0.137, 75.005, 10.9696, 160
0.138, 73.804, 10.5071, 160
0.139, 72.466, 10.6467, 160
0.14, 71.015, 10.326, 160
0.141, 69.954, 10.0166, 160
0.142, 68.357, 9.91996, 160
0.143, 68.663, 10.2359, 160
0.144, 67.012, 9.80805, 160
0.145, 65.545, 9.54222, 160
0.146, 65.063, 9.40335, 160
0.147, 63.552, 8.93931, 160
0.148, 62.518, 8.72225, 160
0.149, 61.559, 8.83111, 160
0, 0, 0, 165
0.001, 0.006, 0.10938, 165
0.002, 0.001, 0.031607, 165
0.003, 0.025, 0.219943, 165
0.004, 0.059, 0.357098, 165
0.005, 0.114, 0.508924, 165
0.006, 0.188, 0.626623, 165
0.007, 0.337, 0.857573, 165
0.008, 0.45, 0.963068, 165
0.009, 0.605, 1.02517, 165
0.01, 0.827, 1.09228, 165
0.011, 1.004, 1.26095, 165
0.012, 1.181, 1.22566, 165
0.013, 1.467, 1.41665, 165
0.014, 1.674, 1.49724, 165
0.015, 1.904, 1.53062, 165
0.016, 2.171, 1.53289, 165
0.017, 2.308, 1.46463, 165
0.018, 2.527, 1.52292, 165
0.019, 2.898, 1.7668, 165
0.02, 3.132, 1.95309, 165
0.021, 3.398, 2.00539, 165
0.022, 3.561, 1.89691, 165
0.023, 3.858, 2.02036, 165
0.024, 4.198, 2.21061, 165
0.025, 4.454, 2.29257, 165
0.026, 4.771, 2.59279, 165
0.027, 5.004, 2.47588, 165
0.028, 5.295, 2.72433, 165
0.029, 5.525, 2.58019, 165
0.03, 5.885, 2.99229, 165
0.031, 6.393, 3.37558, 165
0.032, 6.655, 3.18779, 165
0.033, 6.834, 3.22373, 165
0.034, 7.175, 3.47367, 165
0.035, 7.671, 3.87902, 165
0.036, 7.967, 4.04029, 165
0.037, 8.357, 4.05556, 165
0.038, 8.6, 4.52482, 165
0.039, 9.303, 4.4841, 165
0.04, 9.808, 4.9444, 165
0.041, 10.495, 5.42641, 165
0.042, 10.906, 5.68042, 165
0.043, 11.875, 7.49996, 165
0.044, 11.88, 6.75852, 165
0.045, 12.826, 7.53324, 165
0.046, 12.949, 7.00189, 165
0.047, 13.996, 7.68388, 165
0.048, 14.765, 8.57518, 165
0.049, 15.172, 8.9849, 165
0.05, 17.137, 10.9723, 165
0.051, 17.217, 10.5571, 165
0.052, 19.421, 27.6449, 165
0.053, 20.453, 27.7175, 165
0.054, 23.391, 47.9244, 165
0.055, 26.461, 62.6809, 165
0.056, 28.168, 58.7207, 165
0.057, 30.982, 70.866, 165
0.058, 37.387, 90.1067, 165
0.059, 50.257, 120.551, 165
0.06, 51.622, 120.511, 165
0.061, 64.255, 141.366, 165
0.062, 75.064, 159.565, 165
0.063, 74.664, 151.77, 165
0.064, 85.692, 165.242, 165
0.065, 107.473, 191.999, 165
0.066, 120.986, 200.832, 165
0.067, 141.123, 216.322, 165
0.068, 191.749, 244.316, 165
0.069, 191.407, 241.579, 165
0.07, 224.051, 246.771, 165
0.071, 254.085, 252.935, 165
0.072, 284.387, 249.49, 165
0.073, 310.744, 246.05, 165
0.074, 336.088, 233.958, 165
0.075, 333.387, 222.797, 165
0.076, 349.225, 210.578, 165
0.077, 369.828, 190.002, 165
0.078, 383.088, 170.117, 165
0.079, 376.777, 161.396, 165
0.08, 387.922, 132.474, 165
0.081, 384.894, 114.019, 165
0.082, 379.745, 104.196, 165
0.083, 363.232, 94.6405, 165
0.084, 352.892, 84.9429, 165
0.085, 345.034, 75.9355, 165
0.086, 333.692, 74.1585, 165
0.087, 315.807, 70.6028, 165
0.088, 300.857, 62.8429, 165
0.089, 289.674, 58.6642, 165
0.09, 276.453, 54.9668, 165
0.091, 264.876, 48.1968, 165
0.092, 254.968, 49.9948, 165
0.093, 244.963, 45.7212, 165
0.094, 233.96, 44.1768, 165
0.095, 226.634, 42.0023, 165
0.096, 214.467, 38.8395, 165
0.097, 209.144, 37.4343, 165
0.098, 200.606, 35.1184, 165
0.099, 192.893, 34.8894, 165
0.1, 187.127, 33.2622, 165
0.101, 180.184, 30.7038, 165
0.102, 174.864, 31.1187, 165
0.103, 167.934, 27.7828, 165
0.104, 165.589, 28.2748, 165
0.105, 157.738, 25.1563, 165
0.106, 154.06, 26.7838, 165
0.107, 148.917, 24.0339, 165
0.108, 145.418, 23.8605, 165
0.109, 141.464, 22.7886, 165
0.11, 137.531, 21.902, 165
0.111, 132.485, 20.3917, 165
0.112, 129.669, 20.7069, 165
0.113, 125.106, 18.9673, 165
0.114, 122.421, 19.236, 165
0.115, 119.332, 18.1042, 165
0.116, 117.239, 18.5834, 165
0.117, 113.906, 17.7028, 165
0.118, 111.066, 17.3617, 165
0.119, 108.205, 16.0138, 165
0.12, 105.366, 15.8028, 165
0.121, 103.806, 15.6509, 165
0.122, 102.121, 15.3238, 165
0.123, 99.335, 15.1072, 165
0.124, 96.866, 14.021, 165
0.125, 95.131, 14.4431, 165
0.126, 92.766, 13.9723, 165
0.127, 91.075, 13.4538, 165
0.128, 89.101, 13.5628, 165
0.129, 87.02, 12.2846, 165
0.13, 84.906, 12.294, 165
0.131, 83.652, 11.7851, 165
0.132, 82.334, 11.9808, 165
0.133, 80.032, 11.6765, 165
0.134, 79.922, 11.7058, 165
0.135, 77.744, 11.2893, 165
0.136, 76.261, 10.7988, 165
0.137, 74.987, 10.7408, 165
0.138, 73.455, 10.5795, 165
0.139, 72.72, 10.2393, 165
0.14, 70.399, 9.98137, 165
0.141, 70.12, 10.6882, 165
0.142, 69.91, 10.3529, 165
0.143, 67.969, 8.84138, 165
0.144, 66.537, 9.90982, 165
0.145, 65.162, 9.06696, 165
0.146, 64.448, 8.53401, 165
0.147, 63.051, 8.86715, 165
0.148, 62.699, 8.79661, 165
0.149, 61.495, 8.27901, 165
0, 0, 0, 170
0.001, 0, 0, 170
0.002, 0.007, 0.113802, 170
0.003, 0.023, 0.201174, 170
0.004, 0.071, 0.343452, 170
0.005, 0.132, 0.510466, 170
0.006, 0.204, 0.698845, 170
0.007, 0.334, 0.811446, 170
0.008, 0.477, 0.964091, 170
0.009, 0.609, 1.0228, 170
0.01, 0.816, 1.14374, 170
0.011, 1.028, 1.22033, 170
0.012, 1.29, 1.28371, 170
0.013, 1.56, 1.44582, 170
0.014, 1.677, 1.3981, 170
0.015, 1.923, 1.41953, 170
0.016, 2.265, 1.60399, 170
0.017, 2.435, 1.58738, 170
0.018, 2.672, 1.60325, 170
0.019, 2.945, 1.77932, 170
0.02, 3.282, 1.98305, 170
0.021, 3.508, 1.96009, 170
0.022, 3.605, 2.06615, 170
0.023, 3.961, 2.16967, 170
0.024, 4.304, 2.18485, 170
0.025, 4.525, 2.47091, 170
0.026, 4.812, 2.40638, 170
0.027, 5.174, 2.7953, 170
0.028, 5.456, 2.6344, 170
0.029, 5.82, 2.93251, 170
0.03, 5.961, 2.85473, 170
0.031, 6.238, 3.13964, 170
0.032, 6.822, 3.29823, 170
0.033, 7.017, 3.14972, 170
0.034, 7.55, 3.64493, 170
0.035, 7.997, 3.8744, 170
0.036, 8.229, 4.05519, 170
0.037, 8.91, 4.76528, 170
0.038, 8.994, 4.22634, 170
0.039, 9.654, 4.6072, 170
0.04, 9.826, 4.50574, 170
0.041, 10.216, 4.54261, 170
0.042, 11.27, 5.46636, 170
0.043, 11.794, 5.72657, 170
0.044, 12.18, 7.03517, 170
0.045, 12.896, 7.42329, 170
0.046, 14.273, 11.0611, 170
0.047, 14.376, 8.66572, 170
0.048, 15.007, 8.13738, 170
0.049, 15.474, 9.3208, 170
0.05, 17.19, 12.5186, 170
0.051, 17.026, 8.83104, 170
0.052, 20.401, 40.163, 170
0.053, 21.478, 35.6825, 170
0.054, 22.865, 41.6121, 170
0.055, 27.465, 60.2661, 170
0.056, 30.153, 69.0528, 170
0.057, 31.567, 67.7249, 170
0.058, 37.774, 86.142, 170
0.059, 47.655, 117.28, 170
0.06, 57.626, 131.633, 170
0.061, 58.702, 131.361, 170
0.062, 79.455, 167.472, 170
0.063, 89.865, 176.336, 170
0.064, 111.142, 203.474, 170
0.065, 124.89, 212.291, 170
0.066, 139.585, 221.053, 170
0.067, 163.566, 233.523, 170
0.068, 181.594, 244.904, 170
0.069, 224.595, 258.084, 170
0.07, 229.865, 258.969, 170
0.071, 282.097, 264.24, 170
0.072, 285.121, 252.014, 170
0.073, 329.425, 249.218, 170
0.074, 339.523, 237.699, 170
0.075, 356.448, 223.554, 170
0.076, 386.531, 202.16, 170
0.077, 398.408, 185.342, 170
0.078, 400.136, 161.081, 170
0.079, 402.974, 142.237, 170
0.08, 391.965, 136.884, 170
0.081, 391.079, 118.761, 170
0.082, 384.044, 100.434, 170
0.083, 370.162, 98.7979, 170
0.084, 357.448, 80.5399, 170
0.085, 344.14, 75.4668, 170
0.086, 331.071, 71.4285, 170
0.087, 315.112, 65.3884, 170
0.088, 307.071, 65.43, 170
0.089, 291.382, 58.5054, 170
0.09, 277.637, 53.6984, 170
0.091, 266.955, 53.1147, 170
0.092, 254.973, 50.1526, 170
0.093, 246.143, 46.242, 170
0.094, 233.784, 43.1684, 170
0.095, 226.453, 41.6947, 170
0.096, 217.894, 39.4338, 170
0.097, 209.902, 38.265, 170
0.098, 201.045, 34.0715, 170
0.099, 194.252, 33.9011, 170
0.1, 188.129, 33.0954, 170
0.101, 181.263, 31.74, 170
0.102, 175.383, 31.1783, 170
0.103, 170.116, 28.0786, 170
0.104, 162.881, 27.3938, 170
0.105, 159.509, 27.1568, 170
0.106, 152.518, 24.3441, 170
0.107, 149.321, 23.8287, 170
0.108, 145.307, 22.3789, 170
0.109, 140.93, 22.2381, 170
0.11, 136.718, 20.961, 170
0.111, 134.025, 21.5254, 170
0.112, 130.192, 21.3267, 170
0.113, 127.205, 21.0567, 170
0.114, 123.759, 19.2995, 170
0.115, 119.368, 18.6211, 170
0.116, 115.852, 16.5438, 170
0.117, 113.346, 17.8292, 170
0.118, 111.446, 16.9053, 170
0.119, 108.868, 16.3047, 170
0.12, 106.235, 16.4762, 170
0.121, 103.312, 14.8864, 170
0.122, 101.461, 14.5825, 170
0.123, 99.034, 15.033, 170
0.124, 97.402, 14.7195, 170
0.125, 95.065, 13.9121, 170
0.126, 92.826, 13.2707, 170
0.127, 91.306, 13.2176, 170
0.128, 89.391, 12.8725, 170
0.129, 88.224, 13.3098, 170
0.13, 86.338, 12.3518, 170
0.131, 83.848, 12.2326, 170
0.132, 82.785, 11.7615, 170
0.133, 80.884, 11.5276, 170
0.134, 79.423, 11.6888, 170
0.135, 78.16, 11.124, 170
0.136, 77.587, 11.3607, 170
0.137, 75.209, 10.5042, 170
0.138, 73.514, 9.97145, 170
0.139, 73.062, 10.4014, 170
0.14, 71.024, 10.083, 170
0.141, 70.304, 10.1398, 170
0.142, 68.804, 9.18845, 170
0.143, 67.888, 9.35647, 170
0.144, 67.248, 9.72391, 170
0.145, 66.306, 9.6648, 170
0.146, 64.616, 8.84503, 170
0.147, 63.902, 8.97398, 170
0.148, 62.41, 8.64627, 170
0.149, 61.571, 8.40125, 170
0, 0, 0, 175
0.001, 0.002, 0.0632139, 175
0.002, 0.008, 0.126238, 175
0.003, 0.022, 0.19369, 175
0.004, 0.058, 0.338579, 175
0.005, 0.098, 0.415206, 175
0.006, 0.196, 0.599653, 175
0.007, 0.325, 0.815705, 175
0.008, 0.454, 0.931603, 175
0.009, 0.677, 1.06145, 175
0.01, 0.86, 1.14822, 175
0.011, 0.993, 1.2087, 175
0.012, 1.268, 1.38859, 175
0.013, 1.589, 1.37335, 175
0.014, 1.813, 1.49333, 175
0.015, 2.019, 1.52991, 175
0.016, 2.301, 1.54609, 175
0.017, 2.542, 1.64567, 175
0.018, 2.734, 1.63072, 175
0.019, 2.938, 1.60317, 175
0.02, 3.177, 1.77304, 175
0.021, 3.591, 1.99342, 175
0.022, 3.848, 2.16862, 175
0.023, 3.882, 1.98295, 175
0.024, 4.269, 2.23039, 175
0.025, 4.522, 2.28375, 175
0.026, 4.839, 2.45257, 175
0.027, 5.248, 2.64206, 175
0.028, 5.391, 2.54953, 175
0.029, 5.664, 2.52965, 175
0.03, 6.197, 3.10937, 175
0.031, 6.475, 2.94744, 175
0.032, 6.897, 3.30884, 175
0.033, 7.288, 3.56442, 175
0.034, 7.637, 3.62343, 175
0.035, 7.907, 3.73261, 175
0.036, 8.478, 4.06245, 175
0.037, 8.666, 4.03911, 175
0.038, 9.156, 4.5633, 175
0.039, 9.455, 4.59521, 175
0.04, 10.417, 5.59277, 175
0.041, 11.023, 5.85102, 175
0.042, 11.452, 5.92501, 175
0.043, 11.852, 5.7308, 175
0.044, 12.128, 5.63308, 175
0.045, 12.881, 6.92451, 175
0.046, 13.862, 7.29774, 175
0.047, 14.644, 9.78056, 175
0.048, 15.594, 8.41244, 175
0.049, 16.078, 8.38582, 175
0.05, 16.859, 9.06869, 175
0.051, 19.292, 29.815, 175
0.052, 19.614, 23.9311, 175
0.053, 20.73, 28.4106, 175
0.054, 25.924, 59.3179, 175
0.055, 28.513, 64.7103, 175
0.056, 30.547, 73.9576, 175
0.057, 37.744, 96.4384, 175
0.058, 37.459, 96.4143, 175
0.059, 47.339, 112.547, 175
0.06, 57.444, 136.12, 175
0.061, 68.295, 154.436, 175
0.062, 84.716, 178.233, 175
0.063, 96.573, 186.212, 175
0.064, 105.438, 193.215, 175
0.065, 126.296, 213.099, 175
0.066, 161.28, 241.74, 175
0.067, 169.924, 241.367, 175
0.068, 186.826, 249.698, 175
0.069, 226.952, 264.316, 175
0.07, 262.484, 268.77, 175
0.071, 285.588, 265.267, 175
0.072, 309.542, 261.717, 175
0.073, 330.7, 249.338, 175
0.074, 350.582, 242.248, 175
0.075, 367.447, 224.828, 175
0.076, 391.299, 206.346, 175
0.077, 400.604, 185.591, 175
0.078, 414.481, 167.54, 175
0.079, 416.849, 146.941, 175
0.08, 406.817, 127.972, 175
0.081, 394.772, 120.086, 175
0.082, 386.92, 100.74, 175
0.083, 372.08, 90.2599, 175
0.084, 360.926, 83.471, 175
0.085, 342.302, 75.6246, 175
0.086, 332.634, 68.7175, 175
0.087, 318.725, 64.2157, 175
0.088, 303.116, 59.7203, 175
0.089, 289.077, 55.985, 175
0.09, 277.13, 52.9271, 175
0.091, 266.424, 50.4826, 175
0.092, 258.42, 50.0263, 175
0.093, 245.83, 46.0726, 175
0.094, 234.492, 42.9122, 175
0.095, 226.044, 42.2197, 175
0.096, 216.201, 38.6001, 175
0.097, 211.268, 38.3904, 175
0.098, 202.718, 35.9019, 175
0.099, 195.472, 34.169, 175
0.1, 187.994, 32.5671, 175
0.101, 180.243, 28.6849, 175
0.102, 174.187, 29.3661, 175
0.103, 169.701, 28.4804, 175
0.104, 163.782, 27.6882, 175
0.105, 159.26, 26.1324, 175
0.106, 154.637, 24.9527, 175
0.107, 150.409, 24.5441, 175
0.108, 144.834, 21.8821, 175
0.109, 141.317, 22.9817, 175
0.11, 137.792, 22.2947, 175
0.111, 133.9, 20.4469, 175
0.112, 131.372, 20.818, 175
0.113, 126.812, 18.7641, 175
0.114, 123.066, 19.447, 175
0.115, 120.088, 18.2903, 175
0.116, 117.203, 17.7445, 175
0.117, 114.643, 18.0423, 175
0.118, 110.954, 15.884, 175
0.119, 109.285, 16.25, 175
0.12, 105.942, 15.2784, 175
0.121, 103.292, 14.4172, 175
0.122, 102.127, 15.3478, 175
0.123, 99.651, 14.9198, 175
0.124, 96.626, 13.7188, 175
0.125, 94.65, 13.988, 175
0.126, 92.764, 13.9166, 175
0.127, 91.181, 13.0661, 175
0.128, 89.483, 13.1422, 175
0.129, 88.044, 13.3325, 175
0.13, 86.658, 12.3584, 175
0.131, 84.549, 12.0646, 175
0.132, 82.602, 11.4497, 175
0.133, 80.378, 10.9271, 175
0.134, 79.038, 10.8885, 175
0.135, 78.513, 11.2823, 175
0.136, 76.81, 10.6358, 175
0.137, 75.921, 10.3992, 175
0.138, 74.106, 10.4931, 175
0.139, 72.798, 9.98365, 175
0.14, 71.5, 9.91806, 175
0.141, 69.9, 9.19315, 175
0.142, 69.374, 9.65878, 175
0.143, 68.261, 9.35002, 175
0.144, 67.167, 9.69676, 175
0.145, 66.061, 9.26549, 175
0.146, 64.733, 8.64776, 175
0.147, 64.471, 9.44792, 175
0.148, 62.781, 8.52755, 175
0.149, 61.773, 8.58787, 175
0, 0, 0, 180
0.001, 0.002, 0.0632139, 180
0.002, 0.008, 0.126238, 180
0.003, 0.03, 0.234734, 180
0.004, 0.075, 0.362457, 180
0.005, 0.132, 0.49252, 180
0.006, 0.216, 0.633517, 180
0.007, 0.371, 0.800849, 180
0.008, 0.484, 0.939012, 180
0.009, 0.654, 1.00513, 180
0.01, 0.91, 1.22715, 180
0.011, 1.154, 1.28074, 180
0.012, 1.377, 1.4916, 180
0.013, 1.583, 1.28729, 180
0.014, 1.873, 1.46112, 180
0.015, 2.142, 1.44147, 180
0.016, 2.446, 1.57768, 180
0.017, 2.681, 1.62457, 180
0.018, 2.847, 1.63083, 180
0.019, 3.029, 1.8953, 180
0.02, 3.483, 2.09373, 180
0.021, 3.607, 2.00762, 180
0.022, 3.828, 2.12, 180
0.023, 4.179, 2.29934, 180
0.024, 4.447, 2.16545, 180
0.025, 4.647, 2.34614, 180
0.026, 5.033, 2.52743, 180
0.027, 5.363, 2.58983, 180
0.028, 5.74, 2.82284, 180
0.029, 6.039, 3.03175, 180
0.03, 6.476, 3.28107, 180
0.031, 6.514, 3.10029, 180
0.032, 6.97, 3.17948, 180
0.033, 7.446, 3.39545, 180
0.034, 7.759, 3.74472, 180
0.035, 8.116, 3.75187, 180
0.036, 8.597, 4.42251, 180
0.037, 9.219, 5.01927, 180
0.038, 9.49, 4.55652, 180
0.039, 10.002, 5.05648, 180
0.04, 10.247, 4.68188, 180
0.041, 10.985, 5.75402, 180
0.042, 11.516, 5.41902, 180
0.043, 11.889, 5.91732, 180
0.044, 13.006, 7.65872, 180
0.045, 13.472, 7.68005, 180
0.046, 14.5, 9.40085, 180
0.047, 14.687, 7.96524, 180
0.048, 16.65, 27.8676, 180
0.049, 17.84, 28.6804, 180
0.05, 19.008, 40.3071, 180
0.051, 17.939, 10.7851, 180
0.052, 20.373, 35.8902, 180
0.053, 23.745, 48.0752, 180
0.054, 22.023, 15.4936, 180
0.055, 29.824, 69.2854, 180
0.056, 29.86, 66.1761, 180
0.057, 32.991, 72.8789, 180
0.058, 40.828, 95.4978, 180
0.059, 56.376, 136.983, 180
0.06, 64.925, 149.137, 180
0.061, 75.328, 169.354, 180
0.062, 82.098, 170.196, 180
0.063, 102.278, 201.291, 180
0.064, 111.924, 205.193, 180
0.065, 136.053, 226.694, 180
0.066, 159.586, 250.087, 180
0.067, 191.483, 259.138, 180
0.068, 222.591, 273.653, 180
0.069, 232.321, 267.892, 180
0.07, 273.94, 278.036, 180
0.071, 289.143, 270.57, 180
0.072, 338.928, 269.544, 180
0.073, 364.389, 259.917, 180
0.074, 389.485, 242.23, 180
0.075, 402.929, 221.524, 180
0.076, 408.825, 205.849, 180
0.077, 422.364, 185.108, 180
0.078, 419.707, 167.016, 180
0.079, 430.021, 137.079, 180
0.08, 413.401, 119.976, 180
0.081, 402.903, 121.314, 180
0.082, 393.578, 95.4395, 180
0.083, 376.571, 89.5278, 180
0.084, 360.674, 79.3966, 180
0.085, 346.218, 75.4329, 180
0.086, 336.021, 68.8772, 180
0.087, 321.925, 64.6338, 180
0.088, 305.903, 60.679, 180
0.089, 292.048, 56.8683, 180
0.09, 277.331, 51.3216, 180
0.091, 265.145, 51.7668, 180
0.092, 254.379, 47.0442, 180
0.093, 247.173, 45.0527, 180
0.094, 232.645, 41.8712, 180
0.095, 227.732, 41.0126, 180
0.096, 217.413, 37.0594, 180
0.097, 210.938, 36.5683, 180
0.098, 201.717, 35.6941, 180
0.099, 194.525, 33.1016, 180
0.1, 187.033, 31.3169, 180
0.101, 181.587, 31.3272, 180
0.102, 176.101, 29.1762, 180
0.103, 169.751, 28.4147, 180
0.104, 164.267, 26.9635, 180
0.105, 160.395, 26.5731, 180
0.106, 155.259, 24.4338, 180
0.107, 149.084, 23.9197, 180
0.108, 146.133, 23.4714, 180
0.109, 142.204, 22.4704, 180
0.11, 137.45, 21.8691, 180
0.111, 134.07, 20.925, 180
0.112, 129.776, 20.2103, 180
0.113, 127.287, 19.2576, 180
0.114, 123.192, 18.6015, 180
0.115, 120.611, 17.4973, 180
0.116, 117.856, 18.443, 180
0.117, 114.356, 17.2414, 180
0.118, 111.453, 16.1968, 180
0.119, 109.099, 16.3133, 180
0.12, 107.501, 16.5986, 180
0.121, 103.9, 15.3018, 180
0.122, 101.453, 14.6015, 180
0.123, 99.484, 14.5631, 180
0.124, 97.759, 14.5292, 180
0.125, 94.975, 13.5275, 180
0.126, 93.054, 13.1848, 180
0.127, 90.96, 13.1224, 180
0.128, 90.118, 12.6826, 180
0.129, 87.889, 12.338, 180
0.13, 86.38, 12.7343, 180
0.131, 83.998, 12.1035, 180
0.132, 83.051, 11.2223, 180
0.133, 81.334, 11.7075, 180
0.134, 79.489, 11.0633, 180
0.135, 77.991, 10.7465, 180
0.136, 77.408, 11.2225, 180
0.137, 75.696, 11.5094, 180
0.138, 74.246, 10.7822, 180
0.139, 73.121, 9.63049, 180
0.14, 71.651, 10.1566, 180
0.141, 70.34, 9.81949, 180
0.142, 69.207, 9.83871, 180
0.143, 67.837, 9.19883, 180
0.144, 67.719, 9.63047, 180
0.145, 65.667, 8.73934, 180
0.146, 65.362, 8.79846, 180
0.147, 63.833, 8.56803, 180
0.148, 63.22, 8.68548, 180
0.149, 62.115, 8.40201, 180
0, 0, 0, 185
0.001, 0.003, 0.070647, 185
0.002, 0.009, 0.130073, 185
0.003, 0.045, 0.314603, 185
0.004, 0.071, 0.354907, 185
0.005, 0.13, 0.493052, 185
0.006, 0.268, 0.688604, 185
0.007, 0.323, 0.747443, 185
0.008, 0.504, 0.907736, 185
0.009, 0.715, 1.08433, 185
0.01, 0.916, 1.15972, 185
0.011, 1.204, 1.24675, 185
0.012, 1.4, 1.28686, 185
0.013, 1.671, 1.35306, 185
0.014, 1.874, 1.43183, 185
0.015, 2.23, 1.49636, 185
0.016, 2.398, 1.55293, 185
0.017, 2.678, 1.58124, 185
0.018, 2.862, 1.76209, 185
0.019, 3.28, 1.94103, 185
0.02, 3.442, 1.89173, 185
0.021, 3.77, 2.2296, 185
0.022, 3.902, 2.10675, 185
0.023, 4.304, 2.2049, 185
0.024, 4.531, 2.39688, 185
0.025, 4.947, 2.49243, 185
0.026, 5.086, 2.45451, 185
0.027, 5.446, 2.65086, 185
0.028, 5.801, 3.06062, 185
0.029, 6.154, 2.9193, 185
0.03, 6.312, 2.97769, 185
0.031, 6.761, 3.20841, 185
0.032, 7.109, 3.37507, 185
0.033, 7.463, 3.76864, 185
0.034, 7.943, 3.75177, 185
0.035, 8.246, 3.97988, 185
0.036, 8.733, 4.16818, 185
0.037, 9.248, 4.80422, 185
0.038, 9.658, 4.70883, 185
0.039, 10.129, 4.98842, 185
0.04, 10.617, 5.09022, 185
0.041, 11.26, 5.4224, 185
0.042, 11.911, 6.16337, 185
0.043, 12.402, 6.14137, 185
0.044, 13.131, 6.22959, 185
0.045, 13.773, 10.3121, 185
0.046, 14.502, 8.17215, 185
0.047, 15.21, 12.6667, 185
0.048, 16.012, 8.70757, 185
0.049, 19.832, 54.3003, 185
0.05, 19.032, 31.9683, 185
0.051, 21.182, 42.855, 185
0.052, 20.967, 26.2627, 185
0.053, 26.859, 74.8732, 185
0.054, 31.085, 82.301, 185
0.055, 32.227, 81.2106, 185
0.056, 35.123, 85.0925, 185
0.057, 45.113, 114.391, 185
0.058, 41.899, 99.5407, 185
0.059, 49.065, 116.025, 185
0.06, 65.596, 156.066, 185
0.061, 68.413, 153.088, 185
0.062, 90.156, 186.754, 185
0.063, 118.934, 222.825, 185
0.064, 120.335, 221.103, 185
0.065, 140.24, 234.055, 185
0.066, 160.384, 245.152, 185
0.067, 177.801, 250.04, 185
0.068, 229.807, 277.761, 185
0.069, 255.05, 282.581, 185
0.07, 286.559, 283.247, 185
0.071, 324.952, 281.567, 185
0.072, 330.563, 271.572, 185
0.073, 379.133, 259.992, 185
0.074, 416.48, 237.22, 185
0.075, 409.58, 225.349, 185
0.076, 429.345, 203.541, 185
0.077, 432.452, 180.193, 185
0.078, 440.826, 150.783, 185
0.079, 431.68, 135.715, 185
0.08, 424.632, 119.955, 185
0.081, 414.246, 107.745, 185
0.082, 404.069, 94.0625, 185
0.083, 380.678, 86.6069, 185
0.084, 366.497, 86.9591, 185
0.085, 353.096, 72.714, 185
0.086, 337.504, 70.046, 185
0.087, 319.815, 63.2286, 185
0.088, 310.927, 61.1485, 185
0.089, 295.275, 55.6354, 185
0.09, 279.995, 52.3137, 185
0.091, 265, 52.3152, 185
0.092, 257.426, 48.1699, 185
0.093, 246.293, 46.8763, 185
0.094, 237.352, 42.871, 185
0.095, 226.472, 41.7343, 185
0.096, 214.605, 36.8858, 185
0.097, 210.929, 36.4367, 185
0.098, 202.033, 34.5423, 185
0.099, 195.086, 33.7246, 185
0.1, 190.557, 32.4339, 185
0.101, 182.212, 29.8849, 185
0.102, 176.597, 29.6358, 185
0.103, 170.623, 28.6946, 185
0.104, 164.674, 27.1065, 185
0.105, 160.322, 28.4462, 185
0.106, 155.691, 24.7751, 185
0.107, 151.287, 24.1511, 185
0.108, 145.931, 22.6742, 185
0.109, 141.621, 22.3704, 185
0.11, 136.822, 20.9117, 185
0.111, 135.297, 20.3688, 185
0.112, 131.066, 20.5196, 185
0.113, 127.736, 19.5836, 185
0.114, 123.224, 18.5653, 185
0.115, 120.779, 18.6644, 185
0.116, 117.81, 17.0666, 185
0.117, 114.517, 16.7638, 185
0.118, 112.114, 16.2591, 185
0.119, 109.361, 15.8488, 185
0.12, 107.036, 15.7478, 185
0.121, 104.82, 15.6109, 185
0.122, 101.607, 14.6094, 185
0.123, 99.17, 14.2127, 185
0.124, 97.647, 14.4942, 185
0.125, 95.823, 14.1134, 185
0.126, 93.112, 13.3064, 185
0.127, 90.836, 12.7361, 185
0.128, 89.887, 12.5201, 185
0.129, 88.164, 12.2204, 185
0.13, 85.988, 11.9669, 185
0.131, 84.821, 12.6034, 185
0.132, 82.8, 11.0524, 185
0.133, 81.233, 11.7053, 185
0.134, 80.3, 11.5479, 185
0.135, 77.614, 10.8025, 185
0.136, 77.07, 10.6809, 185
0.137, 75.177, 10.0195, 185
0.138, 73.825, 10.056, 185
0.139, 72.846, 10.0514, 185
0.14, 71.909, 9.64555, 185
0.141, 70.731, 9.66409, 185
0.142, 69.388, 9.92146, 185
0.143, 68.513, 8.8135, 185
0.144, 67.248, 9.294, 185
0.145, 66.076, 8.88877, 185
0.146, 65.828, 9.29411, 185
0.147, 64.574, 8.81626, 185
0.148, 63.304, 8.55638, 185
0.149, 62.44, 8.88889, 185
0, 0, 0, 190
0.001, 0, 0, 190
0.002, 0.009, 0.113662, 190
0.003, 0.032, 0.238696, 190
0.004, 0.074, 0.366775, 190
0.005, 0.179, 0.59746, 190
0.006, 0.213, 0.599692, 190
0.007, 0.38, 0.824379, 190
0.008, 0.562, 0.967552, 190
0.009, 0.707, 1.07292, 190
0.01, 0.99, 1.21569, 190
0.011, 1.224, 1.25372, 190
0.012, 1.498, 1.46082, 190
0.013, 1.726, 1.43838, 190
0.014, 2.067, 1.45963, 190
0.015, 2.255, 1.56396, 190
0.016, 2.577, 1.67633, 190
0.017, 2.832, 1.78879, 190
0.018, 2.935, 1.72127, 190
0.019, 3.288, 1.84636, 190
0.02, 3.604, 2.10361, 190
0.021, 3.795, 1.97002, 190
0.022, 4.161, 2.36877, 190
0.023, 4.47, 2.36159, 190
0.024, 4.653, 2.27609, 190
0.025, 4.84, 2.41131, 190
0.026, 5.192, 2.3446, 190
0.027, 5.576, 2.63367, 190
0.028, 5.91, 2.8632, 190
0.029, 6.082, 2.85259, 190
0.03, 6.59, 3.01992, 190
0.031, 6.858, 3.13876, 190
0.032, 7.349, 3.3023, 190
0.033, 7.604, 3.56191, 190
0.034, 8.1, 3.83328, 190
0.035, 8.354, 3.60953, 190
0.036, 9.296, 4.42565, 190
0.037, 9.319, 4.84801, 190
0.038, 9.664, 4.37391, 190
0.039, 10.311, 5.38203, 190
0.04, 10.84, 5.12586, 190
0.041, 11.407, 5.60565, 190
0.042, 12.183, 6.15236, 190
0.043, 12.421, 5.67501, 190
0.044, 13.07, 6.43779, 190
0.045, 15.263, 38.3308, 190
0.046, 14.453, 10.3144, 190
0.047, 15.92, 9.15694, 190
0.048, 16.974, 26.5424, 190
0.049, 18.614, 32.9617, 190
0.05, 19.142, 36.9508, 190
0.051, 20.333, 34.4101, 190
0.052, 20.393, 11.8739, 190
0.053, 24.884, 52.4931, 190
0.054, 26.713, 59.3273, 190
0.055, 34.57, 92.6623, 190
0.056, 34.113, 81.2886, 190
0.057, 46.298, 120.497, 190
0.058, 45.501, 111.881, 190
0.059, 55.736, 136.444, 190
0.06, 75.193, 175.519, 190
0.061, 75.35, 166.803, 190
0.062, 95.683, 194.306, 190
0.063, 115.134, 219.965, 190
0.064, 143.859, 243.521, 190
0.065, 143.752, 238.866, 190
0.066, 172.55, 259.954, 190
0.067, 206.295, 272.396, 190
0.068, 220.162, 275.931, 190
0.069, 270.999, 290.796, 190
0.07, 295.214, 289.834, 190
0.071, 327.438, 286.085, 190
0.072, 367.523, 274.259, 190
0.073, 382.204, 262.37, 190
0.074, 421.667, 243.604, 190
0.075, 432.495, 221.309, 190
0.076, 443.193, 198.443, 190
0.077, 449.88, 176.21, 190
0.078, 443.427, 150.65, 190
0.079, 447.802, 125.022, 190
0.08, 435.837, 124.217, 190
0.081, 428.338, 102.918, 190
0.082, 397.433, 92.4249, 190
0.083, 388.675, 88.2255, 190
0.084, 373.526, 82.5606, 190
0.085, 358.669, 74.1176, 190
0.086, 339.845, 69.3535, 190
0.087, 322.805, 63.314, 190
0.088, 307.406, 58.3965, 190
0.089, 295.57, 56.934, 190
0.09, 281.317, 51.2993, 190
0.091, 268.472, 49.3873, 190
0.092, 256.599, 46.4985, 190
0.093, 245.608, 45.6872, 190
0.094, 234.939, 41.5819, 190
0.095, 227.517, 41.7834, 190
0.096, 219.264, 39.6026, 190
0.097, 211.294, 37.5924, 190
0.098, 202.717, 35.186, 190
0.099, 195.738, 35.1869, 190
0.1, 189.267, 33.0601, 190
0.101, 183.555, 30.0324, 190
0.102, 177.549, 27.9985, 190
0.103, 171.401, 28.268, 190
0.104, 163.637, 24.0745, 190
0.105, 160.736, 25.9294, 190
0.106, 156.279, 25.5166, 190
0.107, 150.635, 24.0494, 190
0.108, 145.536, 22.8064, 190
0.109, 142.316, 21.2238, 190
0.11, 137.891, 20.8136, 190
0.111, 133.605, 20.6905, 190
0.112, 131.93, 21.2414, 190
0.113, 127.729, 19.1324, 190
0.114, 124.429, 18.3996, 190
0.115, 121.647, 18.7776, 190
0.116, 118.265, 16.951, 190
0.117, 114.787, 17.1737, 190
0.118, 112.375, 16.8091, 190
0.119, 109.486, 16.4495, 190
0.12, 106.327, 14.975, 190
0.121, 104.621, 15.2787, 190
0.122, 102.808, 14.8855, 190
0.123, 101.097, 14.7384, 190
0.124, 98.863, 14.124, 190
0.125, 95.765, 13.6546, 190
0.126, 93.28, 12.988, 190
0.127, 92.44, 12.8596, 190
0.128, 89.611, 12.1956, 190
0.129, 88.088, 12.3089, 190
0.13, 86.957, 12.006, 190
0.131, 85.165, 12.1332, 190
0.132, 83.327, 11.338, 190
0.133, 82.002, 11.5599, 190
0.134, 79.301, 11.0049, 190
0.135, 78.953, 11.0233, 190
0.136, 76.496, 10.2245, 190
0.137, 75.86, 10.5398, 190
0.138, 74.215, 9.88123, 190
0.139, 72.886, 9.65655, 190
0.14, 72.148, 10.3278, 190
0.141, 70.566, 10.0636, 190
0.142, 69.36, 9.28474, 190
0.143, 68.719, 9.54861, 190
0.144, 67.349, 8.98171, 190
0.145, 65.97, 8.88083, 190
0.146, 65.492, 9.1306, 190
0.147, 64.2, 8.59814, 190
0.148, 64.123, 8.96593, 190
0.149, 62.585, 8.51204, 190
0, 0, 0, 195
0.001, 0, 0, 195
0.002, 0.02, 0.193907, 195
0.003, 0.043, 0.301912, 195
0.004, 0.092, 0.411747, 195
0.005, 0.156, 0.549239, 195
0.006, 0.25, 0.653835, 195
0.007, 0.401, 0.86614, 195
0.008, 0.595, 1.01832, 195
0.009, 0.826, 1.13036, 195
0.01, 0.977, 1.16811, 195
0.011, 1.28, 1.35853, 195
0.012, 1.552, 1.33914, 195
0.013, 1.735, 1.34491, 195
0.014, 2.014, 1.41273, 195
0.015, 2.223, 1.43013, 195
0.016, 2.471, 1.44608, 195
0.017, 2.783, 1.61428, 195
0.018, 2.946, 1.68555, 195
0.019, 3.253, 1.81301, 195
0.02, 3.547, 1.98136, 195
0.021, 3.761, 2.03172, 195
0.022, 4.118, 2.26232, 195
0.023, 4.475, 2.24708, 195
0.024, 4.619, 2.11987, 195
0.025, 4.915, 2.38951, 195
0.026, 5.271, 2.53053, 195
0.027, 5.615, 2.82786, 195
0.028, 6.008, 2.97354, 195
0.029, 6.278, 2.90598, 195
0.03, 6.665, 2.8759, 195
0.031, 7.094, 3.40869, 195
0.032, 7.43, 3.60237, 195
0.033, 7.839, 3.64487, 195
0.034, 8.162, 3.90074, 195
0.035, 8.311, 3.516, 195
0.036, 8.878, 3.86123, 195
0.037, 9.47, 4.68371, 195
0.038, 9.797, 4.458, 195
0.039, 10.563, 5.15422, 195
0.04, 11.149, 5.34835, 195
0.041, 11.664, 6.4255, 195
0.042, 12.085, 6.13627, 195
0.043, 12.605, 6.54576, 195
0.044, 13.63, 6.6196, 195
0.045, 14.442, 8.95258, 195
0.046, 15.03, 8.682, 195
0.047, 17.657, 40.3621, 195
0.048, 18.345, 39.312, 195
0.049, 18.308, 27.7991, 195
0.05, 19.19, 12.7235, 195
0.051, 21.565, 41.1843, 195
0.052, 25.795, 60.4886, 195
0.053, 25.132, 51.1145, 195
0.054, 28.937, 62.9765, 195
0.055, 32.537, 81.7828, 195
0.056, 35.905, 85.2459, 195
0.057, 46.301, 120.023, 195
0.058, 48.985, 126.856, 195
0.059, 59.078, 143.8, 195
0.06, 65.367, 153.534, 195
0.061, 72.444, 162.653, 195
0.062, 106.76, 211.818, 195
0.063, 116.076, 221.479, 195
0.064, 130.672, 232.926, 195
0.065, 170.062, 260.377, 195
0.066, 187.043, 271.098, 195
0.067, 216.572, 283.06, 195
0.068, 263.873, 303.448, 195
0.069, 289.779, 294.929, 195
0.07, 321.876, 299.21, 195
0.071, 352.622, 289.093, 195
0.072, 374.514, 283.183, 195
0.073, 407.645, 260.513, 195
0.074, 450.486, 236.314, 195
0.075, 445.397, 219.321, 195
0.076, 454.922, 201.015, 195
0.077, 456.638, 171.458, 195
0.078, 460.628, 155.821, 195
0.079, 451.327, 126.737, 195
0.08, 440.627, 113.563, 195
0.081, 421.349, 101.063, 195
0.082, 403.55, 91.4426, 195
0.083, 386.915, 83.8924, 195
0.084, 372.82, 76.6509, 195
0.085, 354.131, 78.0533, 195
0.086, 336.453, 67.2513, 195
0.087, 323.955, 61.8334, 195
0.088, 307.093, 59.1779, 195
0.089, 292.772, 55.1661, 195
0.09, 282.915, 53.5334, 195
0.091, 268.456, 49.6754, 195
0.092, 258.984, 47.2357, 195
0.093, 247.749, 42.707, 195
0.094, 237.298, 42.2553, 195
0.095, 226.424, 39.5692, 195
0.096, 220.927, 37.8706, 195
0.097, 212.487, 36.1476, 195
0.098, 204.549, 34.8475, 195
0.099, 196.08, 33.2038, 195
0.1, 190.437, 31.7075, 195
0.101, 184.019, 30.8071, 195
0.102, 178.062, 30.3149, 195
0.103, 171.115, 27.6247, 195
0.104, 165.14, 26.4332, 195
0.105, 160.599, 25.8255, 195
0.106, 155.17, 24.0668, 195
0.107, 150.708, 23.4483, 195
0.108, 146.51, 22.6673, 195
0.109, 142.125, 21.4599, 195
0.11, 137.877, 21.8396, 195
0.111, 134.629, 19.6906, 195
0.112, 130.66, 19.6476, 195
0.113, 127.433, 19.5707, 195
0.114, 123.861, 18.3186, 195
0.115, 120.53, 16.933, 195
0.116, 117.247, 17.9968, 195
0.117, 115.088, 16.3224, 195
0.118, 112.877, 15.9599, 195
0.119, 109.488, 16.8788, 195
0.12, 108.546, 16.0004, 195
0.121, 103.898, 14.61, 195
0.122, 102.505, 15.05, 195
0.123, 100.084, 14.7081, 195
0.124, 97.859, 13.3658, 195
0.125, 95.581, 13.1365, 195
0.126, 92.943, 13.4083, 195
0.127, 90.951, 12.8161, 195
0.128, 89.929, 12.4136, 195
0.129, 88.113, 12.5222, 195
0.13, 87.15, 12.7616, 195
0.131, 84.31, 12.2165, 195
0.132, 83.176, 11.7467, 195
0.133, 81.782, 10.9864, 195
0.134, 80.292, 10.9878, 195
0.135, 78.172, 10.4916, 195
0.136, 77.675, 10.6752, 195
0.137, 76.604, 10.5421, 195
0.138, 75.064, 10.2984, 195
0.139, 73.003, 9.95856, 195
0.14, 71.908, 9.67417, 195
0.141, 70.623, 9.34092, 195
0.142, 69.396, 8.944, 195
0.143, 68.622, 8.75655, 195
0.144, 67.597, 9.15776, 195
0.145, 66.702, 8.83952, 195
0.146, 65.62, 8.52523, 195
0.147, 64.679, 8.49929, 195
0.148, 63.144, 8.58145, 195
0.149, 62.349, 8.11574, 195
0, 0, 0, 200
0.001, 0.004, 0.0893532, 200
0.002, 0.015, 0.169632, 200
0.003, 0.043, 0.339339, 200
0.004, 0.069, 0.335021, 200
0.005, 0.165, 0.547517, 200
0.006, 0.263, 0.678108, 200
0.007, 0.422, 0.838997, 200
0.008, 0.631, 0.997416, 200
0.009, 0.79, 1.0686, 200
0.01, 1.071, 1.22146, 200
0.011, 1.319, 1.29354, 200
0.012, 1.551, 1.37964, 200
0.013, 1.772, 1.42198, 200
0.014, 2.149, 1.45904, 200
0.015, 2.382, 1.49936, 200
0.016, 2.636, 1.60484, 200
0.017, 2.843, 1.70069, 200
0.018, 3.116, 1.74658, 200
0.019, 3.371, 1.8744, 200
0.02, 3.632, 1.9861, 200
0.021, 4.013, 2.28272, 200
0.022, 4.303, 2.22018, 200
0.023, 4.46, 2.25575, 200
0.024, 4.743, 2.23404, 200
0.025, 5.089, 2.40106, 200
0.026, 5.379, 2.50307, 200
0.027, 5.691, 2.95661, 200
0.028, 6.095, 2.72763, 200
0.029, 6.486, 2.8245, 200
0.03, 6.787, 3.19807, 200
0.031, 7.378, 3.70555, 200
0.032, 7.42, 3.40729, 200
0.033, 7.762, 3.63694, 200
0.034, 8.199, 3.61876, 200
0.035, 8.643, 3.89789, 200
0.036, 9.085, 3.98042, 200
0.037, 9.593, 4.62054, 200
0.038, 10.21, 4.92625, 200
0.039, 10.395, 5.14791, 200
0.04, 10.974, 5.07201, 200
0.041, 11.614, 4.9999, 200
0.042, 12.517, 5.78617, 200
0.043, 12.819, 7.02995, 200
0.044, 13.737, 7.28641, 200
0.045, 14.433, 7.00882, 200
0.046, 14.993, 7.65016, 200
0.047, 16.651, 27.975, 200
0.048, 17.074, 11.435, 200
0.049, 20.005, 35.6784, 200
0.05, 18.722, 13.0582, 200
0.051, 23.289, 51.2098, 200
0.052, 23.781, 45.1689, 200
0.053, 25.15, 50.4648, 200
0.054, 27.054, 44.9643, 200
0.055, 37.033, 100.582, 200
0.056, 39.311, 107.593, 200
0.057, 44.327, 109.798, 200
0.058, 58.174, 143.312, 200
0.059, 63.527, 153.139, 200
0.06, 74.105, 174.168, 200
0.061, 91.046, 199.774, 200
0.062, 99.742, 205.511, 200
0.063, 122.125, 228.966, 200
0.064, 139.86, 244.331, 200
0.065, 188.931, 285.179, 200
0.066, 198.057, 277.999, 200
0.067, 224.926, 290.031, 200
0.068, 268.519, 309.949, 200
0.069, 307.764, 310.453, 200
0.07, 349.399, 305.626, 200
0.071, 369.78, 300.937, 200
0.072, 410.825, 278.244, 200
0.073, 426.357, 269.375, 200
0.074, 455.965, 238.859, 200
0.075, 482.677, 211.415, 200
0.076, 475.982, 187.946, 200
0.077, 472.645, 165.643, 200
0.078, 461.121, 145.522, 200
0.079, 458.159, 132.332, 200
0.08, 446.712, 109.684, 200
0.081, 423.275, 101.633, 200
0.082, 411.676, 90.1308, 200
0.083, 392.024, 85.7842, 200
0.084, 375.015, 80.6259, 200
0.085, 360.481, 70.9922, 200
0.086, 339.268, 69.1295, 200
0.087, 323.304, 61.9756, 200
0.088, 311.723, 61.8508, 200
0.089, 295.584, 55.6009, 200
0.09, 279.11, 50.4006, 200
0.091, 269.368, 49.9891, 200
0.092, 259.894, 45.1675, 200
0.093, 248.574, 42.9654, 200
0.094, 235.69, 41.4985, 200
0.095, 227.202, 39.3945, 200
0.096, 219.171, 38.8851, 200
0.097, 211.853, 37.1558, 200
0.098, 203.326, 34.3015, 200
0.099, 196.848, 33.3782, 200
0.1, 189.435, 30.6909, 200
0.101, 183.665, 28.7359, 200
0.102, 176.845, 29.1066, 200
0.103, 172.166, 27.9038, 200
0.104, 165.58, 25.8394, 200
0.105, 159.542, 24.0641, 200
0.106, 157.096, 24.6506, 200
0.107, 150.388, 22.8353, 200
0.108, 147.534, 23.0433, 200
0.109, 142.986, 22.1241, 200
0.11, 138.268, 20.2019, 200
0.111, 134.788, 20.0445, 200
0.112, 132.207, 20.2706, 200
0.113, 127.722, 18.9616, 200
0.114, 124.219, 18.417, 200
0.115, 122.144, 18.0441, 200
0.116, 116.835, 16.9836, 200
0.117, 116.033, 16.6087, 200
0.118, 112.553, 15.9372, 200
0.119, 109.717, 15.5952, 200
0.12, 107.424, 14.8587, 200
0.121, 104.523, 14.2726, 200
0.122, 102.689, 14.5824, 200
0.123, 99.912, 14.4076, 200
0.124, 98.348, 14.2579, 200
0.125, 95.626, 12.8697, 200
0.126, 94.303, 13.3257, 200
0.127, 91.673, 12.1274, 200
0.128, 90.259, 12.6967, 200
0.129, 87.398, 11.8549, 200
0.13, 86.874, 12.0021, 200
0.131, 84.878, 12.1713, 200
0.132, 83.416, 11.4757, 200
0.133, 82.174, 11.266, 200
0.134, 80.001, 11.0123, 200
0.135, 78.842, 10.726, 200
0.136, 77.438, 10.9604, 200
0.137, 75.588, 9.99181, 200
0.138, 74.179, 9.61722, 200
0.139, 73.21, 9.99279, 200
0.14, 72.548, 9.58247, 200
0.141, 70.81, 9.20249, 200
0.142, 69.924, 8.89597, 200
0.143, 68.408, 9.16163, 200
0.144, 68.269, 9.12593, 200
0.145, 66.323, 8.43177, 200
0.146, 65.77, 9.09039, 200
0.147, 64.54, 8.55339, 200
0.148, 63.842, 9.09478, 200
0.149, 62.242, 8.23003, 200

Processor time: 41648.5.

Wall time: 41656s.
