This function calculates N(6, 3, p).

Parameters: #simulations = 1000.
p from 0.05 to 0.35 step 0.01.

p, N(p), SD, size.

0.05, 0.039, 0.318558, 5
0.06, 0.083, 0.521643, 5
0.07, 0.113, 0.601856, 5
0.08, 0.204, 0.836889, 5
0.09, 0.241, 0.873452, 5
0.1, 0.386, 1.15542, 5
0.11, 0.433, 1.21799, 5
0.12, 0.56, 1.41577, 5
0.13, 0.679, 1.46968, 5
0.14, 0.777, 1.66831, 5
0.15, 0.918, 1.81639, 5
0.16, 1.195, 2.03494, 5
0.17, 1.424, 2.15087, 5
0.18, 1.553, 2.15944, 5
0.19, 1.618, 2.28168, 5
0.2, 1.868, 2.3449, 5
0.21, 1.91, 2.29345, 5
0.22, 2.279, 2.51459, 5
0.23, 2.46, 2.47354, 5
0.24, 2.508, 2.45681, 5
0.25, 2.747, 2.59711, 5
0.26, 2.839, 2.45623, 5
0.27, 3.055, 2.4783, 5
0.28, 3.038, 2.43897, 5
0.29, 3.13, 2.42881, 5
0.3, 3.327, 2.30045, 5
0.31, 3.351, 2.22751, 5
0.32, 3.51, 2.20497, 5
0.33, 3.618, 2.10287, 5
0.34, 3.676, 2.11353, 5
0.05, 0.852, 1.81496, 15
0.06, 1.478, 2.94576, 15
0.07, 2.37, 3.90706, 15
0.05, 3.731, 3.92742, 35
0.08, 3.609, 5.2305, 15
0.09, 4.985, 6.58246, 15
0.1, 7.422, 8.7884, 15
0.11, 8.482, 9.1671, 15
0.06, 5.903, 6.20384, 35
0.12, 11.042, 10.5334, 15
0.13, 13.597, 10.9356, 15
0.14, 15.63, 11.5543, 15
0.15, 17.45, 11.0843, 15
0.07, 9.943, 13.5664, 35
0.16, 19.503, 10.5103, 15
0.17, 20.552, 9.64102, 15
0.05, 7.381, 4.69615, 65
0.18, 21.498, 8.89528, 15
0.19, 21.303, 7.95017, 15
0.2, 20.784, 6.79848, 15
0.08, 17.651, 24.3327, 35
0.21, 20.056, 6.52724, 15
0.22, 19.204, 5.9019, 15
0.23, 18.432, 5.5161, 15
0.24, 17.411, 4.98599, 15
0.25, 16.452, 4.76295, 15
0.26, 15.722, 4.56998, 15
0.27, 14.829, 4.29369, 15
0.28, 14.037, 4.11651, 15
0.05, 9.386, 6.07561, 85
0.29, 13.353, 3.86683, 15
0.09, 31.606, 35.7271, 35
0.3, 12.581, 3.41781, 15
0.31, 11.938, 3.2336, 15
0.32, 11.436, 3.13591, 15
0.33, 10.878, 2.94128, 15
0.34, 10.289, 2.66786, 15
0.05, 2.048, 2.8684, 25
0.06, 12.807, 15.7125, 65
0.06, 3.648, 5.03806, 25
0.07, 5.582, 6.93738, 25
0.08, 9.608, 12.4272, 25
0.1, 46.254, 40.1389, 35
0.09, 15.065, 17.7511, 25
0.1, 21.448, 22.2114, 25
0.11, 28.671, 23.9008, 25
0.12, 36.437, 23.4567, 25
0.11, 59.469, 36.9133, 35
0.13, 41.269, 20.8681, 25
0.07, 27.374, 44.093, 65
0.14, 43.339, 17.6261, 25
0.06, 19.182, 36.9022, 85
0.12, 67.314, 28.2596, 35
0.15, 42.252, 14.371, 25
0.16, 39.645, 11.396, 25
0.17, 36.936, 10.3659, 25
0.18, 33.564, 9.80815, 25
0.13, 64.557, 21.0519, 35
0.19, 30.609, 8.46192, 25
0.2, 27.107, 6.76207, 25
0.21, 25.373, 6.10638, 25
0.14, 59.866, 16.8995, 35
0.22, 23.511, 5.75273, 25
0.23, 21.612, 5.39828, 25
0.24, 20.116, 4.7519, 25
0.25, 18.778, 4.51981, 25
0.15, 51.478, 12.6042, 35
0.26, 17.589, 4.2795, 25
0.27, 16.581, 3.94809, 25
0.28, 15.638, 3.61178, 25
0.29, 14.597, 3.4688, 25
0.3, 14.078, 3.40028, 25
0.16, 44.334, 10.2433, 35
0.31, 13.118, 3.1458, 25
0.32, 12.569, 3.00886, 25
0.33, 11.963, 2.89787, 25
0.08, 69.415, 83.0599, 65
0.34, 11.309, 2.56311, 25
0.17, 40.249, 9.09687, 35
0.18, 35.993, 8.1252, 35
0.19, 32.582, 7.21147, 35
0.2, 29.344, 6.34269, 35
0.07, 51.532, 87.9959, 85
0.21, 27.08, 5.82852, 35
0.22, 24.654, 5.38631, 35
0.23, 23.034, 4.99068, 35
0.24, 21.388, 4.51857, 35
0.25, 19.696, 4.15182, 35
0.26, 18.527, 4.00765, 35
0.27, 17.369, 3.8279, 35
0.28, 16.413, 3.39211, 35
0.29, 15.637, 3.28287, 35
0.3, 14.738, 3.16818, 35
0.31, 13.854, 2.82607, 35
0.32, 13.137, 2.74303, 35
0.33, 12.759, 3.0458, 35
0.34, 12.048, 2.47421, 35
0.05, 5.344, 6.82786, 45
0.09, 126.011, 80.7161, 65
0.06, 7.997, 7.09147, 45
0.07, 14.12, 19.7453, 45
0.08, 29.796, 41.5881, 45
0.09, 50.731, 52.0764, 45
0.1, 81.205, 52.439, 45
0.1, 139.001, 51.1474, 65
0.08, 122.055, 117.657, 85
0.11, 90.097, 37.1659, 45
0.12, 87.927, 25.3926, 45
0.13, 75.628, 19.4198, 45
0.11, 122.324, 30.0412, 65
0.14, 63.848, 14.4271, 45
0.15, 54.515, 11.4586, 45
0.16, 47.299, 10.0921, 45
0.12, 99.036, 19.9907, 65
0.17, 41.846, 9.10089, 45
0.18, 37.159, 7.74827, 45
0.19, 33.71, 6.64318, 45
0.2, 30.235, 6.10015, 45
0.13, 79.044, 16.1283, 65
0.21, 27.929, 5.39036, 45
0.22, 25.549, 4.92439, 45
0.23, 23.763, 4.91659, 45
0.24, 22.04, 4.65923, 45
0.25, 20.475, 4.00467, 45
0.14, 66.545, 12.4473, 65
0.09, 188.173, 83.4507, 85
0.26, 19.228, 3.91638, 45
0.27, 18.362, 3.60263, 45
0.28, 17.063, 3.41863, 45
0.29, 16.058, 3.07614, 45
0.3, 15.092, 2.86767, 45
0.15, 56.219, 10.5208, 65
0.31, 14.356, 2.93552, 45
0.32, 13.763, 2.69571, 45
0.33, 13.044, 2.4912, 45
0.34, 12.312, 2.30579, 45
0.16, 49.292, 9.15799, 65
0.05, 6.327, 5.31696, 55
0.06, 9.733, 7.94504, 55
0.17, 43.303, 8.13653, 65
0.07, 22.7, 37.9116, 55
0.18, 38.379, 6.4921, 65
0.08, 48.186, 62.793, 55
0.19, 34.76, 6.30336, 65
0.2, 31.873, 5.84935, 65
0.21, 28.767, 5.10928, 65
0.09, 84.672, 71.3723, 55
0.1, 169.353, 41.0107, 85
0.22, 26.642, 4.71909, 65
0.23, 24.678, 4.21738, 65
0.24, 22.885, 3.97439, 65
0.1, 116.711, 54.2838, 55
0.25, 21.325, 3.66407, 65
0.26, 20.076, 3.40327, 65
0.27, 18.586, 3.0823, 65
0.28, 17.86, 3.12736, 65
0.11, 112.847, 32.1144, 55
0.29, 16.717, 2.95413, 65
0.3, 15.709, 2.80968, 65
0.11, 131.341, 27.2729, 85
0.31, 15.218, 2.67852, 65
0.32, 14.332, 2.54043, 65
0.12, 94.538, 21.9321, 55
0.33, 13.766, 2.47452, 65
0.34, 13.045, 2.29891, 65
0.13, 77.333, 16.4199, 55
0.05, 8.414, 5.11513, 75
0.14, 65.039, 12.4948, 55
0.06, 15.708, 27.2128, 75
0.12, 100.582, 18.8683, 85
0.15, 54.893, 10.5679, 55
0.16, 47.912, 9.43548, 55
0.07, 37.993, 64.5173, 75
0.17, 42.719, 8.37282, 55
0.18, 38.21, 7.47328, 55
0.13, 81.76, 14.7225, 85
0.19, 34.736, 6.9484, 55
0.2, 30.687, 5.65818, 55
0.21, 28.353, 5.47361, 55
0.22, 26.073, 4.82677, 55
0.23, 24.011, 4.32283, 55
0.08, 98.416, 103.884, 75
0.14, 68.015, 11.719, 85
0.24, 22.483, 4.03184, 55
0.25, 20.965, 3.93875, 55
0.26, 19.771, 3.6023, 55
0.27, 18.447, 3.2458, 55
0.28, 17.637, 3.21547, 55
0.15, 57.743, 9.69324, 85
0.29, 16.362, 3.03529, 55
0.3, 15.619, 2.84778, 55
0.31, 14.772, 2.7133, 55
0.32, 14.22, 2.62442, 55
0.33, 13.54, 2.59854, 55
0.34, 12.778, 2.29319, 55
0.16, 49.897, 8.24381, 85
0.17, 44.283, 7.38992, 85
0.09, 160.829, 87.143, 75
0.18, 39.556, 6.47633, 85
0.19, 35.411, 5.82564, 85
0.2, 32.273, 5.22422, 85
0.21, 29.724, 4.67267, 85
0.1, 159.919, 44.6618, 75
0.22, 27.161, 4.4803, 85
0.23, 25.332, 4.00472, 85
0.24, 23.505, 3.85979, 85
0.11, 126.828, 26.665, 75
0.25, 21.747, 3.67083, 85
0.26, 20.756, 3.29613, 85
0.27, 19.376, 3.21413, 85
0.28, 18.237, 3.03362, 85
0.12, 98.655, 18.6508, 75
0.29, 17.302, 2.98376, 85
0.3, 16.347, 2.75111, 85
0.31, 15.532, 2.55988, 85
0.13, 80.961, 15.4813, 75
0.32, 14.806, 2.42536, 85
0.33, 14.069, 2.22221, 85
0.34, 13.614, 2.26208, 85
0.14, 67.402, 12.2739, 75
0.05, 10.732, 8.6763, 95
0.15, 57.126, 9.88899, 75
0.06, 19.879, 29.1141, 95
0.16, 49.703, 8.57163, 75
0.17, 43.787, 7.31516, 75
0.18, 39.178, 6.74569, 75
0.19, 35.33, 5.7944, 75
0.2, 32.211, 5.39856, 75
0.07, 64.114, 103.521, 95
0.21, 29.258, 4.77006, 75
0.22, 26.796, 4.28817, 75
0.23, 25.068, 4.34366, 75
0.24, 23.355, 3.92237, 75
0.25, 21.688, 3.66124, 75
0.26, 20.451, 3.70616, 75
0.27, 19.177, 3.14637, 75
0.28, 18.006, 2.99065, 75
0.29, 16.842, 2.67863, 75
0.3, 16.088, 2.67474, 75
0.31, 15.166, 2.41339, 75
0.32, 14.631, 2.46675, 75
0.33, 13.891, 2.36794, 75
0.08, 160.977, 134.842, 95
0.34, 13.207, 2.10242, 75
0.09, 212.853, 76.1523, 95
0.1, 174.867, 37.4402, 95
0.11, 130.696, 24.3364, 95
0.12, 102.125, 18.2435, 95
0.13, 82.431, 14.9473, 95
0.14, 68.485, 11.2608, 95
0.15, 58.698, 9.51035, 95
0.16, 50.833, 8.4003, 95
0.17, 44.506, 6.66093, 95
0.18, 39.729, 6.41697, 95
0.19, 35.999, 6.084, 95
0.2, 32.916, 5.48826, 95
0.21, 29.992, 4.81622, 95
0.22, 27.722, 4.28191, 95
0.23, 25.581, 3.82903, 95
0.24, 23.86, 3.68597, 95
0.25, 22.218, 3.43547, 95
0.26, 20.929, 3.43802, 95
0.27, 19.614, 3.10822, 95
0.28, 18.559, 2.91762, 95
0.29, 17.382, 2.80216, 95
0.3, 16.383, 2.43645, 95
0.31, 15.987, 2.59554, 95
0.32, 14.937, 2.52132, 95
0.33, 14.275, 2.29159, 95
0.34, 13.515, 2.18398, 95

Processor time: 161.38.

Wall time: 161s.
