This function calculates N(6, 3, p).

Parameters: #simulations = 1000.
p from 0 to 0.15 step 0.001.

p, N(p), SD, size.

0, 0, 0, 405
0.001, 0.008, 0.126238, 405
0.002, 0.029, 0.232721, 405
0.003, 0.165, 0.558368, 405
0.004, 0.314, 0.722083, 405
0.005, 0.591, 0.952743, 405
0.006, 0.943, 1.10804, 405
0.007, 1.299, 1.15741, 405
0.008, 1.711, 1.17536, 405
0.009, 2.052, 1.27016, 405
0.01, 2.361, 1.29564, 405
0.011, 2.64, 1.38145, 405
0.012, 2.965, 1.44837, 405
0.013, 3.351, 1.68279, 405
0.014, 3.664, 1.70268, 405
0.015, 3.996, 1.86064, 405
0.016, 4.267, 1.89307, 405
0.017, 4.597, 1.76765, 405
0.018, 5.061, 2.15715, 405
0.019, 5.329, 2.13466, 405
0.02, 5.834, 2.11387, 405
0.021, 6.176, 2.31841, 405
0.022, 6.606, 2.41635, 405
0.023, 6.899, 2.67223, 405
0.024, 7.425, 2.71411, 405
0.025, 7.68, 2.79206, 405
0.026, 8.138, 2.9043, 405
0.027, 8.8, 3.58302, 405
0.028, 9.036, 3.35242, 405
0.029, 9.587, 3.55984, 405
0.03, 10.341, 3.9614, 405
0.031, 10.719, 3.97945, 405
0.032, 11.48, 4.24872, 405
0.033, 11.87, 4.41238, 405
0.034, 12.593, 5.07221, 405
0.035, 13.408, 5.59621, 405
0.036, 13.866, 5.14879, 405
0.037, 14.804, 5.90979, 405
0.038, 15.185, 5.62892, 405
0.039, 16.233, 6.78931, 405
0.04, 16.868, 6.72165, 405
0.041, 17.736, 6.75872, 405
0.042, 19.006, 8.19561, 405
0.043, 20.331, 10.382, 405
0.044, 23.271, 65.5098, 405
0.045, 22.375, 10.1471, 405
0.046, 24.164, 12.194, 405
0.047, 25.067, 16.6675, 405
0.048, 31.913, 93.1188, 405
0.049, 30.917, 66.7838, 405
0.05, 41.662, 142.234, 405
0.051, 55.628, 201.807, 405
0.052, 63.429, 211.873, 405
0.053, 78.195, 250.276, 405
0.054, 78.387, 253.388, 405
0.055, 123.43, 343.976, 405
0.056, 142.149, 372.999, 405
0.057, 203.811, 460.63, 405
0.058, 256.594, 513.548, 405
0.059, 277.927, 523.489, 405
0.06, 396.341, 612.795, 405
0.061, 482.81, 646.638, 405
0.062, 562.447, 654.006, 405
0.063, 635.251, 654.546, 405
0.064, 742.192, 631.628, 405
0.065, 840.777, 609.523, 405
0.066, 953.572, 519.148, 405
0.067, 953.095, 482.238, 405
0.068, 977.846, 401.12, 405
0.069, 997.149, 336.509, 405
0.07, 972.048, 254.432, 405
0.071, 902.772, 251.804, 405
0.072, 856.748, 205.511, 405
0.073, 802.506, 171.278, 405
0.074, 749.048, 159.041, 405
0.075, 702.357, 143.666, 405
0.076, 655.071, 137.249, 405
0.077, 612.17, 121.863, 405
0.078, 577.669, 114.478, 405
0.079, 539.766, 102.793, 405
0.08, 501.888, 92.8987, 405
0.081, 472.83, 80.7676, 405
0.082, 447.207, 75.3711, 405
0.083, 422.537, 72.4043, 405
0.084, 400.879, 68.865, 405
0.085, 379.093, 61.616, 405
0.086, 360.224, 61.062, 405
0.087, 342.555, 53.3485, 405
0.088, 327.251, 51.1586, 405
0.089, 310.64, 49.257, 405
0.09, 297.846, 45.3487, 405
0.091, 282.787, 40.9894, 405
0.092, 270.777, 38.6439, 405
0.093, 258.371, 37.3256, 405
0.094, 249.86, 35.859, 405
0.095, 239.212, 34.8477, 405
0.096, 230.779, 33.0701, 405
0.097, 221.983, 29.7378, 405
0.098, 213.738, 29.4416, 405
0.099, 206.869, 28.4946, 405
0.1, 198.101, 26.9127, 405
0.101, 190.587, 26.2633, 405
0.102, 185.87, 26.807, 405
0.103, 178.399, 24.012, 405
0.104, 171.093, 22.1993, 405
0.105, 169.135, 21.6934, 405
0.106, 162.846, 20.8556, 405
0.107, 157.65, 19.4867, 405
0.108, 153.348, 19.8115, 405
0.109, 148.442, 18.5332, 405
0.11, 144.749, 17.8319, 405
0.111, 141.059, 18.8233, 405
0.112, 136.366, 17.0319, 405
0.113, 133.786, 17.3639, 405
0.114, 130.458, 16.1102, 405
0.115, 126.85, 15.4157, 405
0.116, 123.912, 16.0424, 405
0.117, 120.494, 14.8116, 405
0.118, 117.34, 14.3128, 405
0.119, 114.667, 13.7105, 405
0.12, 111.695, 13.6651, 405
0.121, 109.633, 13.1047, 405
0.122, 106.898, 13.0364, 405
0.123, 104.513, 11.9189, 405
0.124, 101.705, 11.7923, 405
0.125, 100.285, 11.4717, 405
0.126, 97.725, 11.6023, 405
0.127, 95.889, 10.6653, 405
0.128, 94.389, 11.3322, 405
0.129, 92.386, 11.0354, 405
0.13, 90.428, 10.0238, 405
0.131, 88.297, 9.8785, 405
0.132, 86.792, 10.0158, 405
0.133, 85.53, 10.0741, 405
0.134, 83.748, 9.56747, 405
0.135, 82.549, 9.49777, 405
0.136, 81.307, 8.92461, 405
0.137, 79.908, 8.83072, 405
0.138, 77.986, 8.62136, 405
0.139, 76.729, 8.45125, 405
0.14, 75.53, 8.65027, 405
0.141, 73.635, 8.05294, 405
0.142, 72.5, 7.82215, 405
0.143, 71.877, 8.18632, 405
0.144, 71.064, 8.26946, 405
0.145, 69.537, 7.62448, 405
0.146, 68.534, 7.54896, 405
0.147, 67.392, 7.50935, 405
0.148, 66.018, 7.3034, 405
0.149, 65.397, 7.14503, 405
0, 0, 0, 410
0.001, 0.005, 0.0947365, 410
0.002, 0.045, 0.284561, 410
0.003, 0.138, 0.478493, 410
0.004, 0.351, 0.793599, 410
0.005, 0.548, 0.892018, 410
0.006, 1.03, 1.13627, 410
0.007, 1.307, 1.1953, 410
0.008, 1.636, 1.15044, 410
0.009, 2.049, 1.32688, 410
0.01, 2.302, 1.21359, 410
0.011, 2.686, 1.42878, 410
0.012, 3.01, 1.52312, 410
0.013, 3.25, 1.59546, 410
0.014, 3.653, 1.61573, 410
0.015, 3.892, 1.82547, 410
0.016, 4.353, 1.81615, 410
0.017, 4.8, 2.10095, 410
0.018, 5.117, 2.08502, 410
0.019, 5.551, 1.98982, 410
0.02, 5.846, 2.29527, 410
0.021, 6.038, 2.12051, 410
0.022, 6.582, 2.53718, 410
0.023, 6.997, 2.59364, 410
0.024, 7.371, 2.81307, 410
0.025, 7.791, 2.90367, 410
0.026, 8.224, 3.0199, 410
0.027, 8.706, 3.38224, 410
0.028, 9.397, 3.50534, 410
0.029, 9.712, 3.42652, 410
0.03, 10.013, 3.64538, 410
0.031, 10.775, 4.11441, 410
0.032, 11.217, 4.11848, 410
0.033, 11.789, 4.11126, 410
0.034, 12.711, 4.93979, 410
0.035, 13.048, 4.88075, 410
0.036, 13.73, 5.03995, 410
0.037, 14.623, 5.51152, 410
0.038, 15.445, 6.25036, 410
0.039, 16.46, 6.90191, 410
0.04, 17.289, 6.80452, 410
0.041, 18.214, 8.02261, 410
0.042, 19.418, 10.9086, 410
0.043, 19.493, 8.28516, 410
0.044, 21.473, 11.0142, 410
0.045, 22.07, 10.5768, 410
0.046, 24.52, 16.9325, 410
0.047, 25.997, 15.0729, 410
0.048, 29.524, 62.9694, 410
0.049, 31.003, 63.3431, 410
0.05, 49.598, 181.33, 410
0.051, 46.177, 145.882, 410
0.052, 63.634, 216.99, 410
0.053, 87.327, 282.765, 410
0.054, 107.728, 330.762, 410
0.055, 130.337, 355.763, 410
0.056, 145.49, 381.732, 410
0.057, 202.447, 464.371, 410
0.058, 241.871, 500.646, 410
0.059, 298.393, 542.426, 410
0.06, 384, 602.292, 410
0.061, 474.184, 632.557, 410
0.062, 569.375, 662.397, 410
0.063, 674.911, 666.496, 410
0.064, 719.665, 646.268, 410
0.065, 849.304, 612.56, 410
0.066, 927.488, 542.348, 410
0.067, 978.923, 474.254, 410
0.068, 1001.3, 402.778, 410
0.069, 975.318, 366.187, 410
0.07, 955.251, 280.541, 410
0.071, 907.57, 237.058, 410
0.072, 860.385, 215.264, 410
0.073, 806.481, 183.54, 410
0.074, 749.89, 157.11, 410
0.075, 705.59, 142.768, 410
0.076, 654.415, 126.462, 410
0.077, 611.063, 121.824, 410
0.078, 571.814, 107.544, 410
0.079, 533.422, 97.7271, 410
0.08, 505.861, 90.795, 410
0.081, 481.16, 86.1626, 410
0.082, 451.033, 78.0485, 410
0.083, 426.376, 72.2329, 410
0.084, 399.651, 67.6199, 410
0.085, 379.347, 61.0797, 410
0.086, 361.498, 58.1299, 410
0.087, 341.586, 53.2718, 410
0.088, 324.839, 49.6421, 410
0.089, 311.031, 45.3781, 410
0.09, 298.566, 46.2455, 410
0.091, 283.197, 42.3616, 410
0.092, 275.108, 41.0764, 410
0.093, 259.97, 37.2838, 410
0.094, 250.959, 36.7319, 410
0.095, 240.326, 34.3668, 410
0.096, 231.572, 33.5218, 410
0.097, 221.083, 30.4828, 410
0.098, 214.724, 30.1493, 410
0.099, 206.094, 28.5823, 410
0.1, 197.725, 26.3605, 410
0.101, 191.966, 25.7738, 410
0.102, 186.831, 25.7012, 410
0.103, 178.972, 23.4586, 410
0.104, 172.701, 22.7702, 410
0.105, 167.286, 21.8741, 410
0.106, 163.674, 20.9769, 410
0.107, 158.381, 19.9994, 410
0.108, 153.307, 19.988, 410
0.109, 149.221, 19.1143, 410
0.11, 144.544, 18.5066, 410
0.111, 140.961, 17.8613, 410
0.112, 137.148, 16.2061, 410
0.113, 133.559, 16.0236, 410
0.114, 129.621, 15.5813, 410
0.115, 126.676, 15.7131, 410
0.116, 123.761, 15.5845, 410
0.117, 119.996, 14.5375, 410
0.118, 117.911, 14.1398, 410
0.119, 115.206, 13.8289, 410
0.12, 112.355, 13.3164, 410
0.121, 109.209, 12.8436, 410
0.122, 106.964, 12.2525, 410
0.123, 105.023, 12.1733, 410
0.124, 102.505, 11.6225, 410
0.125, 100.338, 11.7801, 410
0.126, 98.585, 11.2741, 410
0.127, 95.874, 10.7061, 410
0.128, 94.408, 10.6629, 410
0.129, 91.694, 10.6661, 410
0.13, 90.313, 10.4084, 410
0.131, 88.972, 10.202, 410
0.132, 87.351, 10.1816, 410
0.133, 85.698, 9.74725, 410
0.134, 83.904, 9.47116, 410
0.135, 82.256, 9.37211, 410
0.136, 81.049, 9.15765, 410
0.137, 79.248, 8.6891, 410
0.138, 78.652, 9.29736, 410
0.139, 76.749, 8.36911, 410
0.14, 75.749, 8.60198, 410
0.141, 74.525, 8.63292, 410
0.142, 72.844, 7.94592, 410
0.143, 71.996, 7.96718, 410
0.144, 70.563, 8.1201, 410
0.145, 69.704, 8.304, 410
0.146, 68.484, 7.51251, 410
0.147, 67.441, 7.54298, 410
0.148, 66.256, 7.26102, 410
0.149, 65.972, 7.46131, 410
0, 0, 0, 415
0.001, 0.008, 0.126238, 415
0.002, 0.063, 0.333213, 415
0.003, 0.145, 0.493938, 415
0.004, 0.355, 0.785478, 415
0.005, 0.595, 0.923566, 415
0.006, 0.961, 1.11062, 415
0.007, 1.342, 1.13448, 415
0.008, 1.709, 1.15599, 415
0.009, 2.05, 1.11333, 415
0.01, 2.377, 1.30033, 415
0.011, 2.699, 1.39657, 415
0.012, 2.87, 1.36861, 415
0.013, 3.302, 1.59712, 415
0.014, 3.56, 1.72522, 415
0.015, 3.968, 1.79024, 415
0.016, 4.406, 1.86311, 415
0.017, 4.757, 1.96874, 415
0.018, 5.151, 1.97489, 415
0.019, 5.512, 2.04153, 415
0.02, 6.025, 2.36397, 415
0.021, 6.311, 2.36691, 415
0.022, 6.494, 2.36389, 415
0.023, 6.939, 2.41107, 415
0.024, 7.543, 2.88516, 415
0.025, 7.966, 2.98912, 415
0.026, 8.387, 3.29351, 415
0.027, 8.797, 3.22146, 415
0.028, 9.278, 3.46016, 415
0.029, 9.811, 3.52098, 415
0.03, 10.199, 3.60297, 415
0.031, 10.909, 3.92361, 415
0.032, 11.416, 3.86354, 415
0.033, 11.899, 4.2191, 415
0.034, 12.548, 4.56505, 415
0.035, 13.572, 5.08771, 415
0.036, 14.091, 5.35619, 415
0.037, 14.574, 5.50241, 415
0.038, 15.315, 6.12322, 415
0.039, 16.479, 7.08051, 415
0.04, 17.294, 7.66078, 415
0.041, 18.19, 8.18681, 415
0.042, 18.968, 7.38234, 415
0.043, 20.359, 9.19163, 415
0.044, 21.828, 13.9343, 415
0.045, 22.8, 11.7445, 415
0.046, 24.019, 11.9602, 415
0.047, 26.143, 17.3205, 415
0.048, 28.75, 50.2693, 415
0.049, 37.323, 113.014, 415
0.05, 41.442, 135.553, 415
0.051, 58.982, 208.844, 415
0.052, 53.45, 170.916, 415
0.053, 78.402, 251.69, 415
0.054, 121.6, 351.38, 415
0.055, 129.691, 355.033, 415
0.056, 138.311, 367.625, 415
0.057, 208.667, 467.605, 415
0.058, 237.195, 501.925, 415
0.059, 326.904, 585.965, 415
0.06, 417.375, 632.922, 415
0.061, 500.86, 666.52, 415
0.062, 595.717, 673.208, 415
0.063, 708.129, 680.026, 415
0.064, 836.961, 643.299, 415
0.065, 865.228, 607.462, 415
0.066, 952.3, 543.514, 415
0.067, 1006.06, 464.955, 415
0.068, 1011, 391.977, 415
0.069, 975.529, 346.145, 415
0.07, 955.612, 267.243, 415
0.071, 902.936, 250.008, 415
0.072, 853.016, 204.788, 415
0.073, 816.543, 182.37, 415
0.074, 764.47, 168.34, 415
0.075, 696.397, 139.315, 415
0.076, 652.489, 130.035, 415
0.077, 606.138, 114.502, 415
0.078, 576.618, 112.156, 415
0.079, 539.882, 99.7132, 415
0.08, 506.443, 91.1814, 415
0.081, 472.989, 83.3156, 415
0.082, 451.3, 76.7143, 415
0.083, 425.776, 73.0094, 415
0.084, 399.797, 69.151, 415
0.085, 378.783, 61.1553, 415
0.086, 359.953, 57.2317, 415
0.087, 343.657, 55.0965, 415
0.088, 326.925, 49.7342, 415
0.089, 307.025, 46.5542, 415
0.09, 297.377, 44.6443, 415
0.091, 284.763, 42.8698, 415
0.092, 272.305, 41.5148, 415
0.093, 262.129, 38.9712, 415
0.094, 249.669, 36.4493, 415
0.095, 240.696, 34.1808, 415
0.096, 229.883, 32.5141, 415
0.097, 220.858, 28.964, 415
0.098, 212.255, 28.3107, 415
0.099, 205.418, 26.8024, 415
0.1, 199.98, 26.9571, 415
0.101, 191.738, 25.1227, 415
0.102, 184.539, 24.3771, 415
0.103, 179.11, 23.828, 415
0.104, 175.289, 23.5795, 415
0.105, 167.791, 20.4215, 415
0.106, 163.36, 20.371, 415
0.107, 156.958, 19.0269, 415
0.108, 154.397, 19.7492, 415
0.109, 149.342, 18.7958, 415
0.11, 144.513, 18.2689, 415
0.111, 140.157, 17.2403, 415
0.112, 137.609, 17.0543, 415
0.113, 134.03, 15.8597, 415
0.114, 130.204, 15.7475, 415
0.115, 127.068, 15.4665, 415
0.116, 123.643, 15.7743, 415
0.117, 121.264, 15.6626, 415
0.118, 117.087, 13.4048, 415
0.119, 114.446, 13.8481, 415
0.12, 112.678, 13.1054, 415
0.121, 109.599, 13.164, 415
0.122, 106.487, 12.108, 415
0.123, 104.546, 12.6945, 415
0.124, 102.297, 11.9517, 415
0.125, 100.237, 11.7619, 415
0.126, 98.981, 11.7009, 415
0.127, 96.488, 11.4351, 415
0.128, 93.771, 10.2522, 415
0.129, 92.449, 10.7285, 415
0.13, 90.644, 10.4392, 415
0.131, 88.577, 9.73314, 415
0.132, 86.816, 9.84409, 415
0.133, 86.167, 10.0029, 415
0.134, 83.837, 9.33865, 415
0.135, 82.742, 9.05083, 415
0.136, 81.364, 10.108, 415
0.137, 79.412, 8.89158, 415
0.138, 78.23, 9.14008, 415
0.139, 77.547, 9.01376, 415
0.14, 75.847, 8.44924, 415
0.141, 74.735, 8.95504, 415
0.142, 73.303, 8.41434, 415
0.143, 72.268, 8.30326, 415
0.144, 70.928, 8.35768, 415
0.145, 69.373, 7.77637, 415
0.146, 69.103, 8.11495, 415
0.147, 67.509, 7.43881, 415
0.148, 66.613, 7.41021, 415
0.149, 65.034, 6.88541, 415
0, 0, 0, 420
0.001, 0.004, 0.0893532, 420
0.002, 0.045, 0.277444, 420
0.003, 0.158, 0.524439, 420
0.004, 0.361, 0.810357, 420
0.005, 0.659, 0.995349, 420
0.006, 0.992, 1.10179, 420
0.007, 1.439, 1.21667, 420
0.008, 1.775, 1.15255, 420
0.009, 2.088, 1.24188, 420
0.01, 2.423, 1.29386, 420
0.011, 2.693, 1.31406, 420
0.012, 3.03, 1.50037, 420
0.013, 3.345, 1.6583, 420
0.014, 3.599, 1.72864, 420
0.015, 4.024, 1.83178, 420
0.016, 4.489, 1.89364, 420
0.017, 4.785, 1.80299, 420
0.018, 5.212, 2.1211, 420
0.019, 5.506, 2.06009, 420
0.02, 5.95, 2.22744, 420
0.021, 6.281, 2.26187, 420
0.022, 6.673, 2.54835, 420
0.023, 6.858, 2.27373, 420
0.024, 7.266, 2.36077, 420
0.025, 7.863, 2.81429, 420
0.026, 8.245, 2.92386, 420
0.027, 8.744, 3.06504, 420
0.028, 9.235, 3.49682, 420
0.029, 9.666, 3.50092, 420
0.03, 10.262, 3.64491, 420
0.031, 10.891, 4.06757, 420
0.032, 11.557, 4.34704, 420
0.033, 12.296, 4.54405, 420
0.034, 12.783, 4.57645, 420
0.035, 13.275, 4.91379, 420
0.036, 13.831, 5.12566, 420
0.037, 14.639, 5.54407, 420
0.038, 15.429, 6.10778, 420
0.039, 16.204, 5.87966, 420
0.04, 17.556, 7.41262, 420
0.041, 18.083, 8.87244, 420
0.042, 19.279, 8.14182, 420
0.043, 20.287, 9.52127, 420
0.044, 22.325, 14.2946, 420
0.045, 24.716, 66.2833, 420
0.046, 24.414, 13.5868, 420
0.047, 29.253, 84.6672, 420
0.048, 29.112, 60.3265, 420
0.049, 33.788, 84.8734, 420
0.05, 47.081, 169.626, 420
0.051, 52.998, 181.916, 420
0.052, 69.452, 246.663, 420
0.053, 73.945, 252.46, 420
0.054, 86.724, 266.53, 420
0.055, 132.183, 367.905, 420
0.056, 145.705, 383.411, 420
0.057, 236.109, 508.532, 420
0.058, 269.692, 539.432, 420
0.059, 324.734, 581.836, 420
0.06, 438.231, 639.661, 420
0.061, 488.684, 660.032, 420
0.062, 606.014, 681.436, 420
0.063, 713.007, 686.611, 420
0.064, 837.839, 664.276, 420
0.065, 884.82, 603.915, 420
0.066, 965.435, 555.077, 420
0.067, 1005.93, 484.818, 420
0.068, 1050.31, 368.93, 420
0.069, 997.431, 328.211, 420
0.07, 985.927, 283.105, 420
0.071, 934.519, 233.136, 420
0.072, 873.166, 200.818, 420
0.073, 819.943, 178.963, 420
0.074, 764.686, 164.742, 420
0.075, 702.944, 145.549, 420
0.076, 649.348, 124.324, 420
0.077, 610.713, 112.331, 420
0.078, 571.324, 104.575, 420
0.079, 541.282, 102.14, 420
0.08, 509.389, 94.9793, 420
0.081, 478.402, 84.2706, 420
0.082, 447.565, 77.279, 420
0.083, 422.162, 72.4736, 420
0.084, 401.826, 69.6143, 420
0.085, 380.16, 62.0822, 420
0.086, 360.55, 59.9274, 420
0.087, 343.395, 52.9879, 420
0.088, 324.853, 50.2488, 420
0.089, 313.003, 48.874, 420
0.09, 298.554, 47.1125, 420
0.091, 284.299, 41.39, 420
0.092, 270.892, 38.4971, 420
0.093, 259.236, 37.9223, 420
0.094, 250.062, 35.8705, 420
0.095, 239.529, 34.3612, 420
0.096, 229.836, 32.3295, 420
0.097, 222.049, 29.3997, 420
0.098, 214.578, 30.5269, 420
0.099, 205.373, 27.5594, 420
0.1, 198.868, 25.9002, 420
0.101, 191.92, 25.5622, 420
0.102, 184.845, 23.8381, 420
0.103, 180.346, 23.2519, 420
0.104, 173.31, 21.9501, 420
0.105, 168.335, 22.0218, 420
0.106, 163.126, 21.2943, 420
0.107, 158.752, 19.8291, 420
0.108, 154.421, 19.1363, 420
0.109, 149.389, 19.1774, 420
0.11, 144.599, 18.0662, 420
0.111, 141.591, 16.9463, 420
0.112, 137.412, 16.9085, 420
0.113, 133.499, 15.7998, 420
0.114, 130.054, 16.1842, 420
0.115, 126.744, 15.2369, 420
0.116, 123.357, 15.3036, 420
0.117, 120.604, 14.5802, 420
0.118, 117.469, 13.6848, 420
0.119, 115.133, 13.2631, 420
0.12, 111.38, 12.1513, 420
0.121, 110.175, 12.9184, 420
0.122, 106.61, 12.3261, 420
0.123, 104.885, 12.3026, 420
0.124, 103.288, 12.2167, 420
0.125, 100.318, 10.9927, 420
0.126, 98.522, 11.2596, 420
0.127, 95.968, 10.9703, 420
0.128, 94.08, 10.3204, 420
0.129, 92.529, 11.1483, 420
0.13, 90.535, 9.91538, 420
0.131, 88.337, 10.0428, 420
0.132, 86.506, 9.01354, 420
0.133, 85.398, 9.01042, 420
0.134, 83.737, 8.95421, 420
0.135, 82.315, 9.04067, 420
0.136, 80.893, 9.32553, 420
0.137, 78.862, 8.36642, 420
0.138, 78.278, 8.76372, 420
0.139, 76.891, 8.33517, 420
0.14, 75.792, 8.44859, 420
0.141, 74.358, 8.44167, 420
0.142, 73.168, 7.73381, 420
0.143, 71.842, 8.0148, 420
0.144, 70.783, 7.79499, 420
0.145, 69.65, 7.80919, 420
0.146, 68.648, 7.605, 420
0.147, 67.869, 7.43571, 420
0.148, 66.369, 7.56273, 420
0.149, 65.464, 6.83101, 420
0, 0, 0, 425
0.001, 0.006, 0.10938, 425
0.002, 0.047, 0.284238, 425
0.003, 0.172, 0.573076, 425
0.004, 0.365, 0.774451, 425
0.005, 0.655, 0.965389, 425
0.006, 0.99, 1.07606, 425
0.007, 1.379, 1.22203, 425
0.008, 1.776, 1.20575, 425
0.009, 2.069, 1.16544, 425
0.01, 2.441, 1.39303, 425
0.011, 2.706, 1.27889, 425
0.012, 2.995, 1.51756, 425
0.013, 3.353, 1.66204, 425
0.014, 3.645, 1.71142, 425
0.015, 4.076, 1.78668, 425
0.016, 4.497, 1.88095, 425
0.017, 4.916, 2.06953, 425
0.018, 5.197, 2.00454, 425
0.019, 5.486, 2.02529, 425
0.02, 5.88, 2.01732, 425
0.021, 6.284, 2.12729, 425
0.022, 6.63, 2.43662, 425
0.023, 7.082, 2.91226, 425
0.024, 7.461, 2.9111, 425
0.025, 7.913, 2.90679, 425
0.026, 8.247, 3.11769, 425
0.027, 8.715, 3.33943, 425
0.028, 9.409, 3.67964, 425
0.029, 9.895, 3.5819, 425
0.03, 10.462, 4.11395, 425
0.031, 10.955, 4.09817, 425
0.032, 11.67, 4.373, 425
0.033, 12.02, 4.19042, 425
0.034, 12.594, 4.92373, 425
0.035, 13.349, 4.91378, 425
0.036, 14.363, 5.39196, 425
0.037, 14.655, 5.69895, 425
0.038, 15.856, 6.67947, 425
0.039, 16.224, 6.35435, 425
0.04, 17.232, 6.6912, 425
0.041, 18.799, 7.7522, 425
0.042, 19.388, 8.16134, 425
0.043, 22.206, 57.354, 425
0.044, 21.652, 9.18983, 425
0.045, 23.035, 12.7475, 425
0.046, 24.314, 11.6518, 425
0.047, 34.96, 138.223, 425
0.048, 27.812, 16.0304, 425
0.049, 33.299, 84.191, 425
0.05, 42.282, 140.042, 425
0.051, 54.111, 186.42, 425
0.052, 57.834, 184.03, 425
0.053, 83.39, 279.744, 425
0.054, 97.9, 308.704, 425
0.055, 102.172, 305.174, 425
0.056, 187.241, 459.749, 425
0.057, 207.029, 474.766, 425
0.058, 259.792, 519.484, 425
0.059, 329.77, 588.97, 425
0.06, 397.763, 624.859, 425
0.061, 532.952, 679.313, 425
0.062, 616.157, 692.625, 425
0.063, 747.186, 683.297, 425
0.064, 861.21, 659.269, 425
0.065, 900.157, 610.196, 425
0.066, 988.701, 538.967, 425
0.067, 1014.99, 473.529, 425
0.068, 1021.11, 411.364, 425
0.069, 1012.55, 324.045, 425
0.07, 967.521, 268.449, 425
0.071, 933.161, 235.601, 425
0.072, 877.917, 199.918, 425
0.073, 810.425, 180.651, 425
0.074, 765.855, 159.712, 425
0.075, 698.487, 145.641, 425
0.076, 664.075, 130.705, 425
0.077, 611.227, 116.195, 425
0.078, 576.185, 108.286, 425
0.079, 539.757, 96.3201, 425
0.08, 511.551, 93.9064, 425
0.081, 471.872, 80.3151, 425
0.082, 450.294, 80.9289, 425
0.083, 422.278, 72.4862, 425
0.084, 398.77, 65.2768, 425
0.085, 381.509, 60.6645, 425
0.086, 358.089, 58.1944, 425
0.087, 347.444, 53.3382, 425
0.088, 328.411, 51.58, 425
0.089, 310.712, 45.3284, 425
0.09, 299.113, 45.9957, 425
0.091, 284.109, 41.6058, 425
0.092, 273.148, 38.7523, 425
0.093, 260.872, 38.0008, 425
0.094, 248.666, 33.4715, 425
0.095, 240.577, 34.3141, 425
0.096, 230.292, 31.0975, 425
0.097, 224.433, 32.0934, 425
0.098, 214.435, 28.177, 425
0.099, 205.723, 28.09, 425
0.1, 199.53, 26.4738, 425
0.101, 192.535, 25.9506, 425
0.102, 185.648, 24.596, 425
0.103, 179.563, 23.509, 425
0.104, 173.799, 22.3009, 425
0.105, 169.023, 22.6778, 425
0.106, 163.247, 20.485, 425
0.107, 158.394, 19.8137, 425
0.108, 152.971, 18.606, 425
0.109, 148.579, 18.0139, 425
0.11, 145.089, 17.9801, 425
0.111, 141.271, 17.6248, 425
0.112, 136.716, 16.7291, 425
0.113, 134.676, 16.3155, 425
0.114, 130.156, 15.7289, 425
0.115, 126.433, 15.8248, 425
0.116, 123.606, 14.2222, 425
0.117, 120.795, 14.0502, 425
0.118, 117.147, 14.3401, 425
0.119, 114.644, 13.7972, 425
0.12, 112.295, 13.6538, 425
0.121, 109.273, 12.7078, 425
0.122, 107.868, 13.2941, 425
0.123, 104.833, 12.493, 425
0.124, 102.709, 11.4654, 425
0.125, 100.705, 11.4042, 425
0.126, 98.805, 11.6021, 425
0.127, 95.68, 10.3211, 425
0.128, 94.23, 10.8851, 425
0.129, 92.229, 10.6507, 425
0.13, 90.437, 9.9891, 425
0.131, 89.095, 10.0443, 425
0.132, 87.118, 9.87097, 425
0.133, 85.473, 9.16969, 425
0.134, 84.477, 9.62276, 425
0.135, 82.279, 9.07542, 425
0.136, 81.303, 9.23186, 425
0.137, 79.491, 9.15346, 425
0.138, 78.311, 8.67273, 425
0.139, 76.994, 8.9147, 425
0.14, 75.711, 8.17897, 425
0.141, 74.132, 7.89155, 425
0.142, 72.875, 8.06705, 425
0.143, 71.746, 7.95283, 425
0.144, 70.91, 8.14039, 425
0.145, 69.689, 7.77614, 425
0.146, 68.809, 7.48295, 425
0.147, 67.559, 7.44463, 425
0.148, 66.388, 7.11825, 425
0.149, 65.454, 7.02566, 425
0, 0, 0, 430
0.001, 0.004, 0.0893532, 430
0.002, 0.052, 0.295459, 430
0.003, 0.179, 0.589032, 430
0.004, 0.37, 0.762299, 430
0.005, 0.678, 0.961414, 430
0.006, 1.058, 1.11832, 430
0.007, 1.441, 1.22659, 430
0.008, 1.841, 1.26638, 430
0.009, 2.102, 1.12053, 430
0.01, 2.481, 1.28672, 430
0.011, 2.89, 1.58679, 430
0.012, 2.982, 1.43864, 430
0.013, 3.288, 1.57704, 430
0.014, 3.742, 1.82248, 430
0.015, 4.099, 1.93835, 430
0.016, 4.458, 1.98046, 430
0.017, 4.87, 1.96497, 430
0.018, 5.337, 2.04192, 430
0.019, 5.598, 2.15601, 430
0.02, 5.862, 2.04229, 430
0.021, 6.356, 2.32449, 430
0.022, 6.795, 2.55558, 430
0.023, 7.035, 2.50754, 430
0.024, 7.516, 2.74804, 430
0.025, 8.091, 3.12069, 430
0.026, 8.497, 2.99366, 430
0.027, 8.929, 3.56202, 430
0.028, 9.43, 3.49558, 430
0.029, 10.007, 3.75059, 430
0.03, 10.586, 4.13867, 430
0.031, 11.11, 4.0162, 430
0.032, 11.41, 4.05979, 430
0.033, 11.974, 4.65009, 430
0.034, 12.987, 4.69455, 430
0.035, 13.533, 5.59419, 430
0.036, 14.489, 5.94255, 430
0.037, 14.81, 5.85559, 430
0.038, 15.697, 6.41398, 430
0.039, 16.445, 6.46212, 430
0.04, 17.642, 7.40944, 430
0.041, 18.734, 7.68162, 430
0.042, 19.42, 8.51678, 430
0.043, 20.471, 8.89782, 430
0.044, 22.398, 10.1883, 430
0.045, 25.699, 74.804, 430
0.046, 26.226, 50.0507, 430
0.047, 28.097, 51.368, 430
0.048, 30.622, 80.2683, 430
0.049, 38.499, 128.257, 430
0.05, 51.148, 192.874, 430
0.051, 42.641, 117.312, 430
0.052, 67.972, 240.479, 430
0.053, 74.423, 244.042, 430
0.054, 104.25, 321.149, 430
0.055, 133.324, 372.636, 430
0.056, 185.468, 458.019, 430
0.057, 199.069, 469.917, 430
0.058, 259.978, 525.031, 430
0.059, 368.542, 614.903, 430
0.06, 418.968, 640.333, 430
0.061, 534.74, 681.926, 430
0.062, 656.148, 709.142, 430
0.063, 759.98, 695.692, 430
0.064, 813.474, 675.329, 430
0.065, 924.095, 610.706, 430
0.066, 1006.87, 538.342, 430
0.067, 1010.53, 497.935, 430
0.068, 1039.38, 409.999, 430
0.069, 1023.3, 322.514, 430
0.07, 995.99, 268.228, 430
0.071, 933.427, 230.871, 430
0.072, 873.595, 194.987, 430
0.073, 819.134, 181.988, 430
0.074, 761.828, 158.332, 430
0.075, 704.67, 144.485, 430
0.076, 656.763, 137.006, 430
0.077, 610.852, 121.113, 430
0.078, 574.6, 110.618, 430
0.079, 546.204, 102.711, 430
0.08, 508.112, 92.0872, 430
0.081, 481.572, 85.7693, 430
0.082, 450.457, 80.3153, 430
0.083, 423.782, 69.0206, 430
0.084, 400.029, 66.6455, 430
0.085, 379.298, 60.7148, 430
0.086, 361.166, 56.2011, 430
0.087, 343.355, 54.1533, 430
0.088, 325.055, 47.7654, 430
0.089, 310.316, 46.6147, 430
0.09, 300.583, 44.8212, 430
0.091, 285.678, 43.3093, 430
0.092, 272.689, 37.6625, 430
0.093, 263.637, 36.7628, 430
0.094, 251.513, 35.8615, 430
0.095, 240.065, 33.8898, 430
0.096, 230.186, 32.2282, 430
0.097, 222.801, 29.976, 430
0.098, 214.045, 29.3964, 430
0.099, 207.122, 27.7941, 430
0.1, 197.579, 25.3036, 430
0.101, 192.789, 25.9922, 430
0.102, 186.211, 24.2372, 430
0.103, 179.725, 23.6563, 430
0.104, 174.486, 22.8961, 430
0.105, 168.925, 21.2386, 430
0.106, 164.398, 20.9112, 430
0.107, 158.629, 19.5436, 430
0.108, 154.553, 19.4864, 430
0.109, 150.226, 19.6486, 430
0.11, 145.617, 18.375, 430
0.111, 141.193, 17.2784, 430
0.112, 137.333, 16.8329, 430
0.113, 133.459, 15.6945, 430
0.114, 130.474, 15.8199, 430
0.115, 127.19, 15.4361, 430
0.116, 122.916, 14.9181, 430
0.117, 120.919, 14.0847, 430
0.118, 117.236, 13.954, 430
0.119, 115.254, 13.6391, 430
0.12, 112.396, 12.9329, 430
0.121, 110.193, 13.182, 430
0.122, 107.131, 12.1724, 430
0.123, 104.431, 11.683, 430
0.124, 103.119, 11.8618, 430
0.125, 100.509, 11.575, 430
0.126, 98.261, 11.2699, 430
0.127, 96.675, 10.9219, 430
0.128, 94.716, 10.5865, 430
0.129, 92.389, 11.1819, 430
0.13, 91.38, 10.1934, 430
0.131, 88.791, 9.27703, 430
0.132, 86.821, 9.58765, 430
0.133, 85.893, 9.91007, 430
0.134, 84.445, 9.65261, 430
0.135, 82.428, 9.40409, 430
0.136, 80.912, 9.2885, 430
0.137, 79.323, 8.90622, 430
0.138, 78.73, 9.26796, 430
0.139, 77.357, 8.80747, 430
0.14, 76.296, 8.72057, 430
0.141, 74.368, 8.06688, 430
0.142, 73.021, 8.18991, 430
0.143, 72.128, 7.76528, 430
0.144, 70.77, 7.86175, 430
0.145, 70.513, 8.529, 430
0.146, 68.867, 7.45864, 430
0.147, 67.578, 7.21124, 430
0.148, 66.6, 7.11281, 430
0.149, 65.857, 7.17904, 430
0, 0, 0, 435
0.001, 0.006, 0.0998198, 435
0.002, 0.049, 0.297656, 435
0.003, 0.154, 0.51018, 435
0.004, 0.382, 0.766861, 435
0.005, 0.691, 0.999759, 435
0.006, 1.035, 1.0999, 435
0.007, 1.474, 1.18208, 435
0.008, 1.861, 1.18393, 435
0.009, 2.136, 1.17622, 435
0.01, 2.404, 1.15273, 435
0.011, 2.732, 1.40006, 435
0.012, 3.157, 1.6243, 435
0.013, 3.378, 1.55664, 435
0.014, 3.765, 1.7389, 435
0.015, 4.095, 1.81933, 435
0.016, 4.539, 1.93868, 435
0.017, 4.907, 2.13456, 435
0.018, 5.227, 1.92548, 435
0.019, 5.653, 2.13602, 435
0.02, 5.965, 2.16836, 435
0.021, 6.435, 2.23333, 435
0.022, 6.781, 2.38307, 435
0.023, 7.297, 2.79084, 435
0.024, 7.595, 2.8721, 435
0.025, 7.923, 2.83603, 435
0.026, 8.539, 3.08423, 435
0.027, 8.873, 3.3074, 435
0.028, 9.351, 3.22952, 435
0.029, 9.922, 3.63014, 435
0.03, 10.707, 3.80856, 435
0.031, 11.114, 4.04314, 435
0.032, 11.85, 4.55911, 435
0.033, 12.301, 4.48736, 435
0.034, 12.776, 4.64261, 435
0.035, 13.44, 5.96309, 435
0.036, 14.372, 5.35888, 435
0.037, 15.046, 5.79568, 435
0.038, 15.706, 6.02541, 435
0.039, 16.865, 6.14791, 435
0.04, 17.683, 9.62084, 435
0.041, 18.84, 9.11737, 435
0.042, 19.761, 7.89911, 435
0.043, 21.064, 11.6487, 435
0.044, 21.741, 9.08196, 435
0.045, 24.463, 58.3173, 435
0.046, 24.829, 13.5708, 435
0.047, 28.265, 68.6678, 435
0.048, 32.273, 96.3965, 435
0.049, 32.976, 88.9673, 435
0.05, 45.831, 149.883, 435
0.051, 56.183, 196.25, 435
0.052, 67.443, 222.308, 435
0.053, 94.501, 308.764, 435
0.054, 109.878, 331.185, 435
0.055, 124.233, 355.185, 435
0.056, 163.558, 417.844, 435
0.057, 241.76, 530.966, 435
0.058, 272.299, 545.22, 435
0.059, 382.722, 634.055, 435
0.06, 465.702, 676.741, 435
0.061, 631.839, 729.582, 435
0.062, 626.26, 703.252, 435
0.063, 762.381, 706.022, 435
0.064, 868.712, 678.951, 435
0.065, 1009.63, 591.03, 435
0.066, 1006.42, 543.015, 435
0.067, 1060.8, 448.575, 435
0.068, 1066.16, 384.726, 435
0.069, 1032.31, 311.365, 435
0.07, 1001.26, 271.684, 435
0.071, 933.207, 235.262, 435
0.072, 875.175, 203.95, 435
0.073, 805.923, 182.946, 435
0.074, 757.518, 153.62, 435
0.075, 705.062, 149.926, 435
0.076, 660.807, 133.044, 435
0.077, 616.362, 117.636, 435
0.078, 576.124, 109.453, 435
0.079, 539.836, 98.0766, 435
0.08, 505.985, 93.0223, 435
0.081, 477.304, 86.6767, 435
0.082, 452.685, 79.9108, 435
0.083, 424.136, 70.3001, 435
0.084, 399.1, 62.6951, 435
0.085, 381.486, 64.879, 435
0.086, 362.69, 58.4923, 435
0.087, 346.15, 53.4163, 435
0.088, 328.924, 51.947, 435
0.089, 310.88, 46.7573, 435
0.09, 297.179, 44.4818, 435
0.091, 284.598, 42.9848, 435
0.092, 272.497, 40.0925, 435
0.093, 260.472, 36.4813, 435
0.094, 250.24, 35.8661, 435
0.095, 240.529, 33.2943, 435
0.096, 232.159, 32.1729, 435
0.097, 222.157, 30.1555, 435
0.098, 214.324, 27.7458, 435
0.099, 208.637, 28.1428, 435
0.1, 200.821, 27.376, 435
0.101, 192.305, 24.3516, 435
0.102, 186.425, 23.8344, 435
0.103, 179.008, 24.3153, 435
0.104, 175.001, 22.5704, 435
0.105, 168.376, 20.7688, 435
0.106, 163.897, 20.6778, 435
0.107, 159.975, 20.3136, 435
0.108, 154.645, 19.8537, 435
0.109, 149.823, 18.9627, 435
0.11, 144.802, 18.532, 435
0.111, 142.441, 17.7022, 435
0.112, 136.882, 16.2773, 435
0.113, 133.848, 15.6176, 435
0.114, 130.753, 15.6396, 435
0.115, 126.954, 15.5845, 435
0.116, 123.555, 14.5137, 435
0.117, 120.424, 14.0151, 435
0.118, 118.396, 14.4132, 435
0.119, 114.85, 13.3406, 435
0.12, 112.396, 13.4206, 435
0.121, 109.864, 12.9327, 435
0.122, 107.778, 13.2643, 435
0.123, 105.464, 12.8106, 435
0.124, 102.548, 12.1446, 435
0.125, 100.587, 11.7666, 435
0.126, 98.785, 11.4907, 435
0.127, 96.519, 11.5273, 435
0.128, 94.442, 10.8361, 435
0.129, 93.379, 11.1244, 435
0.13, 90.104, 9.98164, 435
0.131, 88.946, 9.77052, 435
0.132, 87.074, 10.098, 435
0.133, 85.836, 9.81026, 435
0.134, 83.931, 9.24523, 435
0.135, 82.48, 9.28524, 435
0.136, 81.539, 9.56329, 435
0.137, 80.136, 8.64832, 435
0.138, 78.304, 8.85661, 435
0.139, 77.045, 8.58423, 435
0.14, 75.979, 8.19503, 435
0.141, 74.71, 8.54002, 435
0.142, 73.336, 7.93253, 435
0.143, 71.789, 7.60634, 435
0.144, 71.111, 7.77166, 435
0.145, 69.898, 7.82532, 435
0.146, 68.703, 7.34008, 435
0.147, 68.045, 7.42422, 435
0.148, 66.575, 7.38691, 435
0.149, 65.702, 7.04679, 435
0, 0, 0, 440
0.001, 0.009, 0.130073, 440
0.002, 0.045, 0.281025, 440
0.003, 0.196, 0.601319, 440
0.004, 0.399, 0.803616, 440
0.005, 0.683, 1.02103, 440
0.006, 1.061, 1.1195, 440
0.007, 1.496, 1.21243, 440
0.008, 1.836, 1.17009, 440
0.009, 2.137, 1.17313, 440
0.01, 2.539, 1.36546, 440
0.011, 2.762, 1.36798, 440
0.012, 3.161, 1.59156, 440
0.013, 3.471, 1.70445, 440
0.014, 3.902, 1.84835, 440
0.015, 4.2, 1.78269, 440
0.016, 4.533, 1.95676, 440
0.017, 4.932, 1.8861, 440
0.018, 5.283, 2.15149, 440
0.019, 5.599, 2.00853, 440
0.02, 6.215, 2.4118, 440
0.021, 6.52, 2.40533, 440
0.022, 6.885, 2.45393, 440
0.023, 7.216, 2.49747, 440
0.024, 7.737, 2.95327, 440
0.025, 8.141, 2.86027, 440
0.026, 8.429, 3.08042, 440
0.027, 9.137, 3.46731, 440
0.028, 9.652, 3.55962, 440
0.029, 10.258, 3.52809, 440
0.03, 10.503, 3.73684, 440
0.031, 11.468, 4.37778, 440
0.032, 11.919, 4.13406, 440
0.033, 12.131, 4.38769, 440
0.034, 13.172, 4.97156, 440
0.035, 13.709, 5.50603, 440
0.036, 14.425, 5.17556, 440
0.037, 15.272, 6.28713, 440
0.038, 16.291, 6.97913, 440
0.039, 16.547, 5.99164, 440
0.04, 17.605, 6.54515, 440
0.041, 18.502, 7.30151, 440
0.042, 19.579, 7.9245, 440
0.043, 20.335, 8.63196, 440
0.044, 21.602, 10.7869, 440
0.045, 25.43, 70.6303, 440
0.046, 27.342, 53.9405, 440
0.047, 30.875, 84.6707, 440
0.048, 34.015, 98.8735, 440
0.049, 37.661, 115.582, 440
0.05, 52.921, 192.712, 440
0.051, 57.365, 201.024, 440
0.052, 63.129, 219.369, 440
0.053, 85.307, 266.996, 440
0.054, 108.743, 325.514, 440
0.055, 136.236, 377.054, 440
0.056, 202.928, 479.251, 440
0.057, 244.589, 538.569, 440
0.058, 315.832, 589.756, 440
0.059, 338.29, 598.953, 440
0.06, 464.161, 677.817, 440
0.061, 597.772, 712.738, 440
0.062, 645.76, 713.191, 440
0.063, 784.182, 705.532, 440
0.064, 879.458, 668.758, 440
0.065, 983.324, 625.359, 440
0.066, 1033.12, 531.922, 440
0.067, 1054.52, 459.617, 440
0.068, 1082.97, 388.779, 440
0.069, 1045.16, 321.655, 440
0.07, 993.471, 267.357, 440
0.071, 934.919, 228.224, 440
0.072, 881.781, 201.433, 440
0.073, 817.841, 176.487, 440
0.074, 760.464, 156.108, 440
0.075, 703.476, 136, 440
0.076, 661.971, 129.697, 440
0.077, 614.897, 113.599, 440
0.078, 570.408, 104.063, 440
0.079, 544.701, 102.514, 440
0.08, 506.645, 93.883, 440
0.081, 476.88, 80.8401, 440
0.082, 451.344, 76.3628, 440
0.083, 424.216, 71.2014, 440
0.084, 407.969, 67.567, 440
0.085, 380.033, 62.6954, 440
0.086, 363.671, 56.7557, 440
0.087, 344.775, 51.7042, 440
0.088, 328.853, 51.1794, 440
0.089, 309.121, 46.0075, 440
0.09, 298.348, 44.0839, 440
0.091, 284.78, 41.1111, 440
0.092, 274.02, 41.2369, 440
0.093, 263.162, 37.2745, 440
0.094, 251.266, 34.4345, 440
0.095, 241.521, 32.6066, 440
0.096, 233.159, 33.4435, 440
0.097, 224.325, 30.1225, 440
0.098, 216.61, 30.7272, 440
0.099, 206.171, 27.1382, 440
0.1, 199.797, 27.9508, 440
0.101, 192.457, 24.1314, 440
0.102, 187.104, 24.3696, 440
0.103, 180.385, 23.4967, 440
0.104, 174.269, 23.0956, 440
0.105, 169.168, 21.0584, 440
0.106, 162.858, 19.4778, 440
0.107, 159.234, 20.8423, 440
0.108, 155.356, 20.7384, 440
0.109, 149.726, 17.7396, 440
0.11, 145.284, 18.1269, 440
0.111, 140.81, 17.2239, 440
0.112, 137.9, 17.3829, 440
0.113, 134.398, 15.6911, 440
0.114, 130.956, 16.2523, 440
0.115, 127.345, 15.1737, 440
0.116, 124.595, 14.7853, 440
0.117, 120.959, 13.9713, 440
0.118, 118.195, 13.984, 440
0.119, 116.174, 14.1087, 440
0.12, 112.635, 13.3028, 440
0.121, 109.513, 12.6619, 440
0.122, 106.978, 12.079, 440
0.123, 105.406, 12.6829, 440
0.124, 102.864, 12.4142, 440
0.125, 100.546, 11.4199, 440
0.126, 98.705, 10.6993, 440
0.127, 96.621, 11.2514, 440
0.128, 94.17, 10.2009, 440
0.129, 92.411, 10.0347, 440
0.13, 90.928, 10.6055, 440
0.131, 89.537, 10.1259, 440
0.132, 87.388, 9.37622, 440
0.133, 85.608, 9.59845, 440
0.134, 84.217, 9.47364, 440
0.135, 82.355, 9.25921, 440
0.136, 80.904, 8.87315, 440
0.137, 79.566, 9.10448, 440
0.138, 78.438, 8.97598, 440
0.139, 76.887, 7.93689, 440
0.14, 75.623, 8.31738, 440
0.141, 74.667, 8.10297, 440
0.142, 73.642, 8.08615, 440
0.143, 72.114, 8.08647, 440
0.144, 70.716, 7.48247, 440
0.145, 69.62, 7.33809, 440
0.146, 69.165, 7.9385, 440
0.147, 67.464, 7.23496, 440
0.148, 67.002, 7.47181, 440
0.149, 65.528, 6.79391, 440
0, 0, 0, 445
0.001, 0.003, 0.070647, 445
0.002, 0.054, 0.321067, 445
0.003, 0.182, 0.595715, 445
0.004, 0.411, 0.797546, 445
0.005, 0.67, 0.982395, 445
0.006, 1.057, 1.13303, 445
0.007, 1.505, 1.13048, 445
0.008, 1.945, 1.1933, 445
0.009, 2.178, 1.24029, 445
0.01, 2.488, 1.20576, 445
0.011, 2.757, 1.45669, 445
0.012, 3.123, 1.45392, 445
0.013, 3.49, 1.62785, 445
0.014, 3.747, 1.69145, 445
0.015, 4.198, 1.75636, 445
0.016, 4.514, 1.85197, 445
0.017, 5.017, 2.01164, 445
0.018, 5.352, 1.90528, 445
0.019, 5.682, 1.9429, 445
0.02, 6.111, 2.19697, 445
0.021, 6.388, 2.30162, 445
0.022, 6.854, 2.57773, 445
0.023, 7.337, 2.76359, 445
0.024, 7.708, 2.87241, 445
0.025, 8.069, 2.69893, 445
0.026, 8.528, 3.06973, 445
0.027, 9.035, 3.1865, 445
0.028, 9.467, 3.22349, 445
0.029, 10.166, 3.77974, 445
0.03, 10.689, 3.81894, 445
0.031, 11.137, 4.48355, 445
0.032, 11.914, 4.3438, 445
0.033, 12.514, 4.60867, 445
0.034, 13.216, 4.92558, 445
0.035, 14.026, 5.97221, 445
0.036, 14.536, 5.12354, 445
0.037, 15.072, 5.43901, 445
0.038, 15.771, 5.66538, 445
0.039, 17.026, 6.15657, 445
0.04, 17.829, 7.07572, 445
0.041, 18.717, 7.33232, 445
0.042, 19.708, 8.16093, 445
0.043, 20.956, 8.69218, 445
0.044, 22.324, 10.021, 445
0.045, 24.156, 11.3823, 445
0.046, 26.988, 55.0627, 445
0.047, 30.418, 79.3376, 445
0.048, 30.618, 70.0909, 445
0.049, 38.624, 121.608, 445
0.05, 41.842, 134.635, 445
0.051, 68.628, 243.69, 445
0.052, 58.824, 199.275, 445
0.053, 88.599, 294.095, 445
0.054, 116.878, 349.83, 445
0.055, 142.256, 392.674, 445
0.056, 205.976, 489.137, 445
0.057, 245.762, 532.556, 445
0.058, 324.143, 604.565, 445
0.059, 401.344, 655.705, 445
0.06, 478.315, 687.212, 445
0.061, 569.179, 709.703, 445
0.062, 709.99, 732.206, 445
0.063, 779.648, 711.718, 445
0.064, 876.375, 680.748, 445
0.065, 988.786, 613.877, 445
0.066, 1057.72, 523.728, 445
0.067, 1070.88, 469.132, 445
0.068, 1084.51, 377.493, 445
0.069, 1045.07, 311.986, 445
0.07, 992.159, 284.529, 445
0.071, 949.296, 229.818, 445
0.072, 896.785, 204.54, 445
0.073, 820.971, 176.585, 445
0.074, 761.002, 159.664, 445
0.075, 714.629, 143.522, 445
0.076, 661.36, 136.835, 445
0.077, 618.266, 112.667, 445
0.078, 573.142, 108.455, 445
0.079, 537.032, 100.541, 445
0.08, 503.411, 85.955, 445
0.081, 473.707, 78.6307, 445
0.082, 449.348, 71.6368, 445
0.083, 424.625, 70.8496, 445
0.084, 404.148, 67.7681, 445
0.085, 379.05, 59.8482, 445
0.086, 361.604, 56.8463, 445
0.087, 346.031, 55.4392, 445
0.088, 330.751, 51.837, 445
0.089, 308.876, 45.026, 445
0.09, 299.682, 43.9904, 445
0.091, 284.38, 40.9865, 445
0.092, 273.157, 39.8037, 445
0.093, 261.529, 38.099, 445
0.094, 250.329, 33.9394, 445
0.095, 241.038, 32.4874, 445
0.096, 230.431, 32.5068, 445
0.097, 221.803, 28.9402, 445
0.098, 214.762, 29.9135, 445
0.099, 205.349, 26.9076, 445
0.1, 200.318, 26.6712, 445
0.101, 193.096, 26.6111, 445
0.102, 187.149, 24.5205, 445
0.103, 180.341, 22.4051, 445
0.104, 174.595, 23.2912, 445
0.105, 168.726, 21.2235, 445
0.106, 164.346, 20.7221, 445
0.107, 158.988, 19.2722, 445
0.108, 154.67, 19.6355, 445
0.109, 150.092, 18.3941, 445
0.11, 145.037, 17.8403, 445
0.111, 143.297, 17.9972, 445
0.112, 137.198, 16.1162, 445
0.113, 134.506, 16.5193, 445
0.114, 131.211, 15.7081, 445
0.115, 126.308, 15.0573, 445
0.116, 123.165, 13.3279, 445
0.117, 121.806, 14.9274, 445
0.118, 118.495, 13.7123, 445
0.119, 115.807, 13.8417, 445
0.12, 112.879, 13.309, 445
0.121, 109.838, 12.7401, 445
0.122, 107.467, 11.9157, 445
0.123, 106.032, 12.1793, 445
0.124, 103.818, 12.781, 445
0.125, 100.333, 11.4421, 445
0.126, 99.034, 10.8821, 445
0.127, 96.506, 10.9166, 445
0.128, 94.776, 10.5566, 445
0.129, 92.744, 10.629, 445
0.13, 91.015, 10.3871, 445
0.131, 89.322, 9.79757, 445
0.132, 87.654, 10.2259, 445
0.133, 86.051, 9.8374, 445
0.134, 84.268, 9.03904, 445
0.135, 82.946, 9.03776, 445
0.136, 81.543, 9.34453, 445
0.137, 79.819, 8.89113, 445
0.138, 78.321, 8.38081, 445
0.139, 77.445, 8.79756, 445
0.14, 76.239, 8.35499, 445
0.141, 74.109, 7.87027, 445
0.142, 73.498, 8.0065, 445
0.143, 72.255, 7.73977, 445
0.144, 70.839, 7.7628, 445
0.145, 70.408, 7.85745, 445
0.146, 69.064, 7.59144, 445
0.147, 67.771, 7.80414, 445
0.148, 66.9, 7.07319, 445
0.149, 65.798, 7.14613, 445
0, 0, 0, 450
0.001, 0.004, 0.0893532, 450
0.002, 0.053, 0.31653, 450
0.003, 0.194, 0.583407, 450
0.004, 0.432, 0.839867, 450
0.005, 0.762, 1.04468, 450
0.006, 1.105, 1.10724, 450
0.007, 1.567, 1.25599, 450
0.008, 1.85, 1.20062, 450
0.009, 2.111, 1.1936, 450
0.01, 2.553, 1.28187, 450
0.011, 2.951, 1.55968, 450
0.012, 3.079, 1.47742, 450
0.013, 3.491, 1.58238, 450
0.014, 3.794, 1.71918, 450
0.015, 4.151, 1.72517, 450
0.016, 4.67, 1.90187, 450
0.017, 5.005, 2.03543, 450
0.018, 5.383, 2.04458, 450
0.019, 5.746, 2.15162, 450
0.02, 6.182, 2.23447, 450
0.021, 6.32, 2.10798, 450
0.022, 6.855, 2.47345, 450
0.023, 7.385, 2.8275, 450
0.024, 7.878, 2.99952, 450
0.025, 8.205, 3.00449, 450
0.026, 8.607, 3.03423, 450
0.027, 9.244, 3.37023, 450
0.028, 9.691, 3.5315, 450
0.029, 10.226, 3.44977, 450
0.03, 10.55, 3.718, 450
0.031, 11.069, 3.72696, 450
0.032, 11.85, 4.52477, 450
0.033, 12.687, 4.76351, 450
0.034, 13.02, 4.71228, 450
0.035, 13.898, 4.99896, 450
0.036, 14.558, 5.54713, 450
0.037, 15.73, 6.8347, 450
0.038, 15.98, 5.88622, 450
0.039, 16.654, 6.24005, 450
0.04, 18.183, 7.25462, 450
0.041, 19.339, 8.90865, 450
0.042, 19.963, 9.18257, 450
0.043, 21.148, 9.35201, 450
0.044, 22.196, 9.82973, 450
0.045, 25.777, 67.2503, 450
0.046, 25.666, 11.9374, 450
0.047, 28.686, 64.8218, 450
0.048, 33.636, 111.589, 450
0.049, 41.916, 138.06, 450
0.05, 49.599, 180.708, 450
0.051, 54.149, 191.92, 450
0.052, 60.667, 209.229, 450
0.053, 76.568, 247.862, 450
0.054, 83.132, 269.393, 450
0.055, 163.918, 439.754, 450
0.056, 220.37, 507.239, 450
0.057, 276.25, 578.471, 450
0.058, 327.865, 610.229, 450
0.059, 404.771, 658.143, 450
0.06, 494.77, 705.023, 450
0.061, 635.174, 738.738, 450
0.062, 751.413, 738.722, 450
0.063, 820.872, 709.408, 450
0.064, 920.292, 679.521, 450
0.065, 1035.94, 602.387, 450
0.066, 1067.12, 529.057, 450
0.067, 1078.31, 455.582, 450
0.068, 1077.91, 363.236, 450
0.069, 1064.66, 291.583, 450
0.07, 1020.11, 254.861, 450
0.071, 949.435, 224.856, 450
0.072, 887.047, 208.859, 450
0.073, 819.168, 171.16, 450
0.074, 772.814, 164.111, 450
0.075, 710.591, 138.472, 450
0.076, 658.718, 128.506, 450
0.077, 618.627, 120.643, 450
0.078, 580.086, 106.844, 450
0.079, 540.517, 97.0134, 450
0.08, 502.698, 86.9882, 450
0.081, 484.893, 87.2321, 450
0.082, 452.536, 80.2815, 450
0.083, 426.071, 67.1105, 450
0.084, 406.267, 67.0681, 450
0.085, 384.635, 62.049, 450
0.086, 361.319, 55.7183, 450
0.087, 342.486, 49.7183, 450
0.088, 326.407, 48.7644, 450
0.089, 313.177, 46.2661, 450
0.09, 297.668, 43.1082, 450
0.091, 283.939, 38.7372, 450
0.092, 273.686, 39.761, 450
0.093, 262.125, 36.3605, 450
0.094, 249.836, 34.6584, 450
0.095, 242.852, 33.7841, 450
0.096, 232.115, 31.2322, 450
0.097, 222.642, 30.4221, 450
0.098, 215.918, 28.787, 450
0.099, 206.831, 26.8682, 450
0.1, 200.01, 26.8663, 450
0.101, 193.657, 25.3378, 450
0.102, 187.988, 24.4793, 450
0.103, 180.881, 23.0599, 450
0.104, 174.928, 22.4552, 450
0.105, 168.428, 20.19, 450
0.106, 164.946, 20.9602, 450
0.107, 158.826, 19.8765, 450
0.108, 153.95, 19.1501, 450
0.109, 149.985, 18.1011, 450
0.11, 146.427, 18.3452, 450
0.111, 142.06, 17.7132, 450
0.112, 138.044, 16.949, 450
0.113, 134.12, 16.5505, 450
0.114, 130.156, 15.0674, 450
0.115, 127.79, 15.2573, 450
0.116, 124.988, 15.4911, 450
0.117, 120.835, 14.1283, 450
0.118, 118.316, 13.1261, 450
0.119, 114.904, 12.8804, 450
0.12, 112.916, 13.0634, 450
0.121, 109.995, 12.6708, 450
0.122, 107.613, 12.5915, 450
0.123, 105.587, 12.5353, 450
0.124, 103.267, 12.3054, 450
0.125, 100.691, 11.5082, 450
0.126, 98.872, 11.2465, 450
0.127, 96.28, 10.3894, 450
0.128, 95.403, 11.3622, 450
0.129, 92.73, 10.3635, 450
0.13, 91.118, 10.4041, 450
0.131, 89.93, 10.1555, 450
0.132, 87.376, 9.66606, 450
0.133, 86.176, 9.36905, 450
0.134, 83.717, 8.98482, 450
0.135, 82.525, 8.77892, 450
0.136, 80.986, 8.51245, 450
0.137, 80.235, 8.57985, 450
0.138, 78.336, 8.46458, 450
0.139, 77.37, 8.81664, 450
0.14, 76.069, 8.30676, 450
0.141, 74.593, 8.19435, 450
0.142, 73.485, 8.03118, 450
0.143, 72.277, 7.72297, 450
0.144, 71.031, 7.64722, 450
0.145, 69.68, 7.17674, 450
0.146, 68.312, 7.12311, 450
0.147, 67.886, 7.33028, 450
0.148, 66.743, 7.18978, 450
0.149, 65.904, 7.19714, 450
0, 0, 0, 455
0.001, 0.013, 0.151099, 455
0.002, 0.052, 0.321397, 455
0.003, 0.167, 0.561347, 455
0.004, 0.344, 0.738691, 455
0.005, 0.686, 0.974374, 455
0.006, 1.119, 1.12109, 455
0.007, 1.532, 1.18869, 455
0.008, 1.862, 1.21695, 455
0.009, 2.212, 1.21452, 455
0.01, 2.6, 1.31985, 455
0.011, 2.916, 1.37075, 455
0.012, 3.155, 1.55788, 455
0.013, 3.492, 1.65407, 455
0.014, 3.899, 1.77843, 455
0.015, 4.181, 1.76189, 455
0.016, 4.572, 1.79187, 455
0.017, 5.011, 1.92533, 455
0.018, 5.331, 1.90616, 455
0.019, 5.782, 2.14487, 455
0.02, 6.285, 2.44944, 455
0.021, 6.603, 2.43298, 455
0.022, 6.839, 2.43579, 455
0.023, 7.384, 2.78757, 455
0.024, 7.781, 2.745, 455
0.025, 8.116, 2.90595, 455
0.026, 8.678, 3.21315, 455
0.027, 9.166, 3.21721, 455
0.028, 9.7, 3.48425, 455
0.029, 10.342, 3.77956, 455
0.03, 10.776, 3.86417, 455
0.031, 11.371, 3.96779, 455
0.032, 11.911, 4.29175, 455
0.033, 12.601, 4.88301, 455
0.034, 13.458, 5.09001, 455
0.035, 13.988, 5.46314, 455
0.036, 14.706, 5.34075, 455
0.037, 15.424, 5.58249, 455
0.038, 16.038, 5.92474, 455
0.039, 17.315, 7.23518, 455
0.04, 18.094, 7.98568, 455
0.041, 19.329, 9.52243, 455
0.042, 19.652, 7.94487, 455
0.043, 22.029, 9.99881, 455
0.044, 22.296, 9.03429, 455
0.045, 24.629, 11.1963, 455
0.046, 27.644, 73.6218, 455
0.047, 28.775, 54.6339, 455
0.048, 31.229, 56.7699, 455
0.049, 44.137, 162.553, 455
0.05, 48.584, 175.671, 455
0.051, 64.183, 237.217, 455
0.052, 59.866, 195.967, 455
0.053, 86.402, 275.245, 455
0.054, 103.763, 321.937, 455
0.055, 154.477, 426.064, 455
0.056, 215.954, 510.299, 455
0.057, 259.622, 549.209, 455
0.058, 329.679, 616.819, 455
0.059, 383.698, 650.89, 455
0.06, 511.442, 714.37, 455
0.061, 614.772, 740.439, 455
0.062, 716.425, 742.044, 455
0.063, 813.002, 726.67, 455
0.064, 952.592, 688.747, 455
0.065, 1038.41, 600.953, 455
0.066, 1096.88, 529.472, 455
0.067, 1094.86, 457.711, 455
0.068, 1081.4, 381.799, 455
0.069, 1045.36, 323.786, 455
0.07, 1025.75, 258.899, 455
0.071, 950.779, 228.757, 455
0.072, 886.657, 186.845, 455
0.073, 822.794, 167.971, 455
0.074, 761.347, 153.1, 455
0.075, 722.244, 152.679, 455
0.076, 668.538, 126.821, 455
0.077, 618.854, 117.215, 455
0.078, 581.459, 110.152, 455
0.079, 542.606, 101.999, 455
0.08, 511.341, 88.9992, 455
0.081, 480.176, 82.8787, 455
0.082, 445.722, 71.6282, 455
0.083, 424.531, 69.0262, 455
0.084, 403.705, 65.2605, 455
0.085, 381.234, 59.9483, 455
0.086, 366.4, 57.5012, 455
0.087, 345.24, 53.5439, 455
0.088, 328.889, 48.2881, 455
0.089, 312.228, 46.0336, 455
0.09, 297.083, 42.8638, 455
0.091, 286.145, 41.1818, 455
0.092, 272.145, 39.2537, 455
0.093, 260.176, 36.4156, 455
0.094, 253.15, 36.4433, 455
0.095, 241.525, 33.4024, 455
0.096, 233.227, 33.245, 455
0.097, 221.908, 31.4054, 455
0.098, 213.438, 28.4614, 455
0.099, 206.452, 25.9561, 455
0.1, 201.204, 27.1183, 455
0.101, 193.312, 25.6741, 455
0.102, 186.448, 23.4137, 455
0.103, 181.486, 23.8712, 455
0.104, 173.981, 21.0033, 455
0.105, 168.835, 20.3843, 455
0.106, 164.038, 20.4802, 455
0.107, 159.316, 19.1011, 455
0.108, 153.271, 17.7445, 455
0.109, 149.143, 18.249, 455
0.11, 146.239, 17.5561, 455
0.111, 141.461, 17.0445, 455
0.112, 137.79, 16.7786, 455
0.113, 134.103, 15.9196, 455
0.114, 130.64, 15.1859, 455
0.115, 128.344, 15.7328, 455
0.116, 123.438, 14.0813, 455
0.117, 121.386, 14.0675, 455
0.118, 118.382, 13.9974, 455
0.119, 115.471, 13.1436, 455
0.12, 111.684, 12.792, 455
0.121, 110.098, 13.1313, 455
0.122, 107.517, 12.1383, 455
0.123, 105.743, 11.6143, 455
0.124, 102.626, 11.3953, 455
0.125, 100.506, 11.2972, 455
0.126, 99.219, 11.3282, 455
0.127, 96.798, 10.8256, 455
0.128, 94.691, 10.7131, 455
0.129, 92.68, 10.3251, 455
0.13, 91.412, 10.1844, 455
0.131, 89.374, 9.91242, 455
0.132, 87.818, 9.9468, 455
0.133, 86.081, 9.56548, 455
0.134, 84.197, 9.04512, 455
0.135, 82.244, 8.33045, 455
0.136, 80.96, 8.95904, 455
0.137, 79.718, 8.48307, 455
0.138, 79.006, 8.21145, 455
0.139, 77.264, 8.85507, 455
0.14, 75.431, 8.05328, 455
0.141, 74.728, 8.39381, 455
0.142, 73.966, 8.46929, 455
0.143, 72.627, 8.19304, 455
0.144, 71.197, 7.63506, 455
0.145, 70.411, 7.84628, 455
0.146, 69.174, 7.6476, 455
0.147, 67.801, 7.43649, 455
0.148, 66.808, 6.97891, 455
0.149, 66.289, 7.22395, 455
0, 0, 0, 460
0.001, 0.009, 0.130073, 460
0.002, 0.044, 0.282956, 460
0.003, 0.18, 0.543691, 460
0.004, 0.436, 0.855514, 460
0.005, 0.794, 1.03613, 460
0.006, 1.169, 1.11105, 460
0.007, 1.584, 1.15367, 460
0.008, 1.922, 1.18656, 460
0.009, 2.27, 1.23333, 460
0.01, 2.606, 1.35601, 460
0.011, 2.941, 1.52889, 460
0.012, 3.155, 1.50365, 460
0.013, 3.515, 1.62104, 460
0.014, 3.947, 1.724, 460
0.015, 4.328, 1.75796, 460
0.016, 4.654, 1.99005, 460
0.017, 5.04, 1.96377, 460
0.018, 5.427, 1.94028, 460
0.019, 5.814, 2.07543, 460
0.02, 6.195, 2.09785, 460
0.021, 6.64, 2.44835, 460
0.022, 6.884, 2.80153, 460
0.023, 7.486, 2.7506, 460
0.024, 7.765, 2.80246, 460
0.025, 8.274, 2.97068, 460
0.026, 8.666, 2.96419, 460
0.027, 9.339, 3.2985, 460
0.028, 9.77, 3.69474, 460
0.029, 10.294, 3.53094, 460
0.03, 10.902, 3.87794, 460
0.031, 11.578, 4.13956, 460
0.032, 11.901, 4.26886, 460
0.033, 12.742, 4.69398, 460
0.034, 13.252, 5.30514, 460
0.035, 14.134, 5.81877, 460
0.036, 14.954, 6.17364, 460
0.037, 15.695, 6.8166, 460
0.038, 16.372, 6.58541, 460
0.039, 16.944, 6.7029, 460
0.04, 18.427, 7.87481, 460
0.041, 19.013, 7.65721, 460
0.042, 20.728, 9.4361, 460
0.043, 21.13, 8.61064, 460
0.044, 22.64, 10.086, 460
0.045, 25.686, 61.8086, 460
0.046, 26.966, 61.3612, 460
0.047, 32.489, 101.448, 460
0.048, 36.897, 116.842, 460
0.049, 36.844, 102.846, 460
0.05, 52.695, 185.547, 460
0.051, 54.439, 179.975, 460
0.052, 93.416, 319.705, 460
0.053, 104.855, 343, 460
0.054, 115.492, 352.017, 460
0.055, 153.336, 414.702, 460
0.056, 217.909, 515.345, 460
0.057, 261.439, 559.972, 460
0.058, 338.958, 628.489, 460
0.059, 406.593, 675.437, 460
0.06, 551.607, 730.205, 460
0.061, 646.459, 751.903, 460
0.062, 707.549, 737.238, 460
0.063, 861.438, 715.876, 460
0.064, 1003.81, 669.632, 460
0.065, 1042.92, 612.819, 460
0.066, 1048.33, 549.717, 460
0.067, 1089.57, 469.568, 460
0.068, 1104.41, 388.606, 460
0.069, 1065.9, 308.037, 460
0.07, 1013.55, 251.555, 460
0.071, 961.451, 226.43, 460
0.072, 895.129, 191.844, 460
0.073, 816.116, 164.474, 460
0.074, 753.275, 155.187, 460
0.075, 706.789, 141.787, 460
0.076, 660.96, 123.976, 460
0.077, 612.255, 112.918, 460
0.078, 576.996, 104.137, 460
0.079, 542.678, 93.3811, 460
0.08, 502.765, 88.9395, 460
0.081, 483.024, 84.6368, 460
0.082, 451.032, 77.9962, 460
0.083, 423.993, 65.8967, 460
0.084, 406.004, 65.6102, 460
0.085, 389.112, 65.3672, 460
0.086, 364.324, 58.0273, 460
0.087, 346.261, 55.2565, 460
0.088, 329.115, 52.1339, 460
0.089, 315.057, 46.4112, 460
0.09, 298.701, 44.0707, 460
0.091, 284.653, 41.4782, 460
0.092, 273.429, 38.7741, 460
0.093, 261.113, 35.5535, 460
0.094, 251.509, 34.3546, 460
0.095, 243.038, 35.0918, 460
0.096, 232.681, 31.4522, 460
0.097, 224.027, 29.7102, 460
0.098, 214.549, 27.3711, 460
0.099, 205.96, 26.837, 460
0.1, 202.036, 27.7988, 460
0.101, 195.219, 26.3762, 460
0.102, 187.31, 24.2862, 460
0.103, 180.284, 22.8497, 460
0.104, 174.005, 21.7597, 460
0.105, 170.349, 21.9607, 460
0.106, 165.043, 21.3285, 460
0.107, 158.703, 19.2912, 460
0.108, 154.08, 19.5587, 460
0.109, 150.246, 18.4055, 460
0.11, 145.645, 17.8117, 460
0.111, 141.196, 17.2317, 460
0.112, 137.39, 15.3342, 460
0.113, 134.074, 15.4757, 460
0.114, 131.246, 15.2416, 460
0.115, 127.147, 15.0536, 460
0.116, 124.554, 14.5697, 460
0.117, 121.466, 14.4439, 460
0.118, 118.208, 13.644, 460
0.119, 115.575, 12.7245, 460
0.12, 112.372, 12.5182, 460
0.121, 110.074, 12.8516, 460
0.122, 107.717, 13.2899, 460
0.123, 105.949, 12.9727, 460
0.124, 103.182, 11.8553, 460
0.125, 100.903, 11.3336, 460
0.126, 98.844, 10.8782, 460
0.127, 97.191, 11.7279, 460
0.128, 95.071, 11.0004, 460
0.129, 93.254, 10.5241, 460
0.13, 92.026, 11.4647, 460
0.131, 89.384, 9.8884, 460
0.132, 87.552, 9.60715, 460
0.133, 85.664, 9.68272, 460
0.134, 85.033, 9.94675, 460
0.135, 82.987, 8.99527, 460
0.136, 81.732, 8.62949, 460
0.137, 79.491, 8.15279, 460
0.138, 78.214, 8.44892, 460
0.139, 77.425, 9.04225, 460
0.14, 75.628, 8.11527, 460
0.141, 74.923, 7.95054, 460
0.142, 73.585, 8.05896, 460
0.143, 72.187, 8.18462, 460
0.144, 70.857, 7.30045, 460
0.145, 69.807, 7.13805, 460
0.146, 69.413, 7.96545, 460
0.147, 67.844, 7.39538, 460
0.148, 67.079, 7.78735, 460
0.149, 66.075, 7.42168, 460
0, 0, 0, 465
0.001, 0.01, 0.141067, 465
0.002, 0.049, 0.290859, 465
0.003, 0.144, 0.493218, 465
0.004, 0.472, 0.87705, 465
0.005, 0.75, 1.04571, 465
0.006, 1.16, 1.10109, 465
0.007, 1.554, 1.18621, 465
0.008, 1.91, 1.21815, 465
0.009, 2.258, 1.18382, 465
0.01, 2.607, 1.24682, 465
0.011, 2.807, 1.31368, 465
0.012, 3.21, 1.57477, 465
0.013, 3.559, 1.8581, 465
0.014, 3.985, 1.71895, 465
0.015, 4.318, 1.89126, 465
0.016, 4.658, 1.79528, 465
0.017, 5.101, 1.9987, 465
0.018, 5.356, 2.08645, 465
0.019, 5.772, 1.95857, 465
0.02, 6.211, 2.29139, 465
0.021, 6.679, 2.47749, 465
0.022, 6.959, 2.39861, 465
0.023, 7.363, 2.64561, 465
0.024, 7.891, 2.80091, 465
0.025, 8.295, 3.21714, 465
0.026, 8.735, 3.16556, 465
0.027, 9.279, 3.39134, 465
0.028, 9.785, 3.35452, 465
0.029, 10.42, 3.81963, 465
0.03, 11.054, 4.17482, 465
0.031, 11.59, 4.23956, 465
0.032, 12.211, 4.42747, 465
0.033, 12.433, 4.0843, 465
0.034, 13.677, 5.8892, 465
0.035, 14.074, 5.46832, 465
0.036, 14.869, 5.19517, 465
0.037, 15.635, 5.88097, 465
0.038, 16.61, 6.44033, 465
0.039, 16.929, 6.95413, 465
0.04, 18.569, 7.87332, 465
0.041, 19.265, 8.40612, 465
0.042, 20.743, 8.71969, 465
0.043, 21.921, 10.1716, 465
0.044, 22.467, 9.14718, 465
0.045, 24.403, 14.6948, 465
0.046, 26.077, 13.6819, 465
0.047, 32.033, 93.6815, 465
0.048, 33.734, 81.9425, 465
0.049, 36.291, 104.724, 465
0.05, 47.436, 172.996, 465
0.051, 61.372, 222.67, 465
0.052, 81.882, 277.625, 465
0.053, 93.884, 306.335, 465
0.054, 116.573, 366.281, 465
0.055, 145.01, 404.058, 465
0.056, 244.731, 553.092, 465
0.057, 271.854, 579.684, 465
0.058, 345.014, 634.098, 465
0.059, 424.923, 683.184, 465
0.06, 540.257, 733.88, 465
0.061, 628.37, 748.812, 465
0.062, 715.383, 764.371, 465
0.063, 872.532, 730.023, 465
0.064, 950.211, 695.973, 465
0.065, 1093.14, 609.582, 465
0.066, 1141.07, 519.307, 465
0.067, 1147.99, 434.54, 465
0.068, 1128.53, 383.831, 465
0.069, 1078.39, 306.576, 465
0.07, 1022, 246.685, 465
0.071, 976.502, 228.166, 465
0.072, 881.339, 182.153, 465
0.073, 819.864, 183.415, 465
0.074, 771.629, 159.186, 465
0.075, 716.434, 144.983, 465
0.076, 662.364, 127.707, 465
0.077, 617.539, 112.288, 465
0.078, 586.566, 109.748, 465
0.079, 543.155, 97.4833, 465
0.08, 507.238, 90.8991, 465
0.081, 477.971, 79.6625, 465
0.082, 452.381, 75.3768, 465
0.083, 431.015, 74.4797, 465
0.084, 405.296, 62.9114, 465
0.085, 382.829, 59.9405, 465
0.086, 361.73, 54.5939, 465
0.087, 348.466, 54.7654, 465
0.088, 327.866, 49.5797, 465
0.089, 315.001, 46.5583, 465
0.09, 300.602, 44.309, 465
0.091, 286.979, 41.6866, 465
0.092, 274.784, 38.6846, 465
0.093, 261.663, 35.0936, 465
0.094, 250.939, 35.3153, 465
0.095, 240.487, 33.4351, 465
0.096, 234.049, 31.1488, 465
0.097, 224.059, 30.607, 465
0.098, 214.717, 28.8201, 465
0.099, 206.946, 26.5576, 465
0.1, 199.66, 26.4008, 465
0.101, 194.01, 26.0031, 465
0.102, 188.763, 24.9389, 465
0.103, 180.995, 23.1409, 465
0.104, 175.452, 22.5616, 465
0.105, 169.955, 20.7022, 465
0.106, 164.823, 20.1993, 465
0.107, 159.552, 19.5304, 465
0.108, 154.856, 18.6528, 465
0.109, 150.258, 18.6999, 465
0.11, 145.553, 16.7824, 465
0.111, 142.557, 18.1291, 465
0.112, 138.409, 16.6474, 465
0.113, 135.322, 16.402, 465
0.114, 131.337, 15.6526, 465
0.115, 127.117, 14.9395, 465
0.116, 124.841, 14.6342, 465
0.117, 120.782, 13.9227, 465
0.118, 118.588, 13.8765, 465
0.119, 116.523, 13.945, 465
0.12, 112.449, 12.2658, 465
0.121, 110.076, 12.3194, 465
0.122, 107.782, 12.16, 465
0.123, 105.312, 11.7987, 465
0.124, 102.813, 11.5213, 465
0.125, 101.307, 11.3355, 465
0.126, 98.972, 11.3457, 465
0.127, 96.629, 10.7725, 465
0.128, 94.598, 10.6797, 465
0.129, 93.172, 10.4288, 465
0.13, 91.079, 9.60462, 465
0.131, 89.438, 9.68753, 465
0.132, 87.834, 9.56255, 465
0.133, 86.164, 10.0377, 465
0.134, 85.141, 9.42078, 465
0.135, 83.594, 9.66081, 465
0.136, 81.72, 8.61345, 465
0.137, 80.757, 9.31107, 465
0.138, 79.152, 8.77878, 465
0.139, 77.04, 8.62406, 465
0.14, 76.099, 8.55203, 465
0.141, 74.708, 8.09399, 465
0.142, 73.649, 8.09455, 465
0.143, 71.976, 7.74916, 465
0.144, 71.217, 7.84002, 465
0.145, 70.241, 7.51897, 465
0.146, 68.869, 7.61038, 465
0.147, 68.107, 7.21426, 465
0.148, 66.783, 7.1684, 465
0.149, 66.162, 7.25726, 465
0, 0, 0, 470
0.001, 0.015, 0.157401, 470
0.002, 0.054, 0.311583, 470
0.003, 0.191, 0.593733, 470
0.004, 0.441, 0.857041, 470
0.005, 0.742, 1.03317, 470
0.006, 1.143, 1.08653, 470
0.007, 1.623, 1.18612, 470
0.008, 1.963, 1.17031, 470
0.009, 2.331, 1.34441, 470
0.01, 2.677, 1.29254, 470
0.011, 2.882, 1.41707, 470
0.012, 3.198, 1.55525, 470
0.013, 3.643, 1.60983, 470
0.014, 3.96, 1.68357, 470
0.015, 4.318, 1.88225, 470
0.016, 4.74, 1.88053, 470
0.017, 5.017, 1.86513, 470
0.018, 5.503, 1.95601, 470
0.019, 5.94, 2.20599, 470
0.02, 6.204, 2.14718, 470
0.021, 6.542, 2.307, 470
0.022, 7.045, 2.43536, 470
0.023, 7.362, 2.55596, 470
0.024, 7.978, 3.08407, 470
0.025, 8.301, 2.86503, 470
0.026, 8.894, 3.1567, 470
0.027, 9.304, 3.4266, 470
0.028, 9.778, 3.38034, 470
0.029, 10.28, 3.46664, 470
0.03, 10.862, 3.98885, 470
0.031, 11.551, 4.53314, 470
0.032, 12.411, 4.6774, 470
0.033, 13.214, 5.3438, 470
0.034, 13.292, 4.70582, 470
0.035, 14.134, 4.90204, 470
0.036, 15.096, 6.97687, 470
0.037, 15.442, 5.56207, 470
0.038, 16.79, 7.1354, 470
0.039, 17.112, 6.2278, 470
0.04, 18.609, 7.46339, 470
0.041, 19.499, 8.35703, 470
0.042, 20.672, 9.72124, 470
0.043, 21.922, 10.3985, 470
0.044, 22.557, 10.0805, 470
0.045, 25.168, 13.9202, 470
0.046, 33.025, 127.528, 470
0.047, 37.088, 142.599, 470
0.048, 34.032, 94.9026, 470
0.049, 38.48, 121.563, 470
0.05, 62.051, 237.694, 470
0.051, 63.239, 223.623, 470
0.052, 73.797, 255.933, 470
0.053, 104.435, 344.651, 470
0.054, 139.466, 399.792, 470
0.055, 165.218, 441.501, 470
0.056, 229.481, 530.136, 470
0.057, 280.667, 579.976, 470
0.058, 334.822, 628.207, 470
0.059, 425.442, 686.611, 470
0.06, 583.703, 766.626, 470
0.061, 676.221, 771.002, 470
0.062, 739.263, 765.456, 470
0.063, 869.131, 745.404, 470
0.064, 1024.99, 678.134, 470
0.065, 1109.35, 613.988, 470
0.066, 1135.14, 517.992, 470
0.067, 1158.58, 445.462, 470
0.068, 1144.25, 345.922, 470
0.069, 1078.45, 305.551, 470
0.07, 1027.5, 248.589, 470
0.071, 962.278, 223.728, 470
0.072, 901.95, 201.102, 470
0.073, 830.42, 178.131, 470
0.074, 768.357, 153.167, 470
0.075, 704.449, 137.866, 470
0.076, 660.261, 122.926, 470
0.077, 621.802, 116.166, 470
0.078, 579.732, 102.021, 470
0.079, 540.895, 96.6967, 470
0.08, 509.485, 94.7139, 470
0.081, 475.99, 80.229, 470
0.082, 451.547, 74.5989, 470
0.083, 430.451, 73.9124, 470
0.084, 404.258, 65.0321, 470
0.085, 382.568, 61.8698, 470
0.086, 365.886, 58.412, 470
0.087, 344.836, 51.3601, 470
0.088, 328.685, 48.1397, 470
0.089, 311.558, 45.335, 470
0.09, 300.925, 41.0801, 470
0.091, 287.226, 40.0904, 470
0.092, 272.476, 37.7592, 470
0.093, 262.922, 36.1442, 470
0.094, 251.98, 35.5531, 470
0.095, 241.728, 34.2997, 470
0.096, 232.778, 31.3737, 470
0.097, 224.553, 31.2403, 470
0.098, 216.09, 29.0488, 470
0.099, 207.808, 26.8553, 470
0.1, 199.066, 24.7974, 470
0.101, 194.437, 24.6073, 470
0.102, 186.166, 23.8123, 470
0.103, 181.461, 22.0768, 470
0.104, 174.893, 22.2479, 470
0.105, 170.283, 21.4352, 470
0.106, 164.03, 20.0935, 470
0.107, 158.543, 19.134, 470
0.108, 155.503, 18.8452, 470
0.109, 150.358, 18.5511, 470
0.11, 146.381, 17.766, 470
0.111, 142.124, 16.3294, 470
0.112, 138.142, 16.619, 470
0.113, 134.406, 15.9434, 470
0.114, 130.348, 15.1082, 470
0.115, 126.743, 14.1136, 470
0.116, 124.364, 14.7942, 470
0.117, 121.779, 14.412, 470
0.118, 118.286, 13.9476, 470
0.119, 116.047, 13.3517, 470
0.12, 112.91, 12.9782, 470
0.121, 109.888, 12.171, 470
0.122, 108.082, 11.8666, 470
0.123, 105.636, 11.8851, 470
0.124, 103.1, 11.2841, 470
0.125, 100.866, 11.1166, 470
0.126, 99.262, 11.3499, 470
0.127, 96.471, 10.542, 470
0.128, 94.375, 9.95009, 470
0.129, 93.141, 10.0734, 470
0.13, 91.365, 10.0451, 470
0.131, 89.631, 9.54551, 470
0.132, 87.961, 9.68522, 470
0.133, 85.802, 8.84866, 470
0.134, 84.555, 9.25554, 470
0.135, 82.836, 9.04926, 470
0.136, 82.003, 8.70833, 470
0.137, 80.234, 8.81517, 470
0.138, 78.832, 8.76492, 470
0.139, 77.507, 8.63469, 470
0.14, 76.018, 8.47489, 470
0.141, 74.733, 8.41081, 470
0.142, 73.964, 7.97438, 470
0.143, 72.632, 7.86019, 470
0.144, 71.585, 8.14842, 470
0.145, 70.204, 7.89129, 470
0.146, 69.127, 7.24547, 470
0.147, 67.847, 6.89272, 470
0.148, 67.123, 7.34792, 470
0.149, 65.824, 7.17503, 470
0, 0, 0, 475
0.001, 0.012, 0.147838, 475
0.002, 0.073, 0.357311, 475
0.003, 0.219, 0.62373, 475
0.004, 0.454, 0.853161, 475
0.005, 0.797, 1.03527, 475
0.006, 1.212, 1.19459, 475
0.007, 1.558, 1.14308, 475
0.008, 1.971, 1.2092, 475
0.009, 2.354, 1.29255, 475
0.01, 2.591, 1.26717, 475
0.011, 3.011, 1.46863, 475
0.012, 3.149, 1.56102, 475
0.013, 3.698, 1.77955, 475
0.014, 3.968, 1.75527, 475
0.015, 4.364, 1.74628, 475
0.016, 4.711, 1.78815, 475
0.017, 5.124, 1.89173, 475
0.018, 5.539, 1.97598, 475
0.019, 5.939, 2.15575, 475
0.02, 6.341, 2.27348, 475
0.021, 6.889, 2.62272, 475
0.022, 7.115, 2.5479, 475
0.023, 7.484, 2.8837, 475
0.024, 7.918, 2.84908, 475
0.025, 8.305, 2.89655, 475
0.026, 8.872, 3.08992, 475
0.027, 9.557, 3.72757, 475
0.028, 9.899, 3.47488, 475
0.029, 10.471, 4.04291, 475
0.03, 11.094, 4.31012, 475
0.031, 11.694, 4.52817, 475
0.032, 12.143, 4.14928, 475
0.033, 12.798, 4.41783, 475
0.034, 13.515, 4.71081, 475
0.035, 13.922, 4.96849, 475
0.036, 14.955, 5.39027, 475
0.037, 15.952, 5.97107, 475
0.038, 16.954, 6.44825, 475
0.039, 17.409, 6.35907, 475
0.04, 18.358, 7.68907, 475
0.041, 19.662, 8.26158, 475
0.042, 20.729, 9.24876, 475
0.043, 22.151, 9.29808, 475
0.044, 23.049, 9.92404, 475
0.045, 24.768, 11.3055, 475
0.046, 27.719, 73.9612, 475
0.047, 30.828, 57.8815, 475
0.048, 36.94, 134.119, 475
0.049, 40.007, 128.521, 475
0.05, 44.438, 145.372, 475
0.051, 71.514, 264.803, 475
0.052, 73.886, 249.877, 475
0.053, 82.933, 273.472, 475
0.054, 120.457, 363.627, 475
0.055, 178.235, 463.069, 475
0.056, 218.9, 522.604, 475
0.057, 301.002, 610.462, 475
0.058, 374.455, 663.947, 475
0.059, 456.166, 713.724, 475
0.06, 613.45, 777.355, 475
0.061, 707.484, 775.09, 475
0.062, 810.705, 785.139, 475
0.063, 923.365, 741.011, 475
0.064, 1070.99, 693.16, 475
0.065, 1121.71, 602.554, 475
0.066, 1148.01, 533.733, 475
0.067, 1151.44, 457.042, 475
0.068, 1124.86, 379.502, 475
0.069, 1086.6, 269.348, 475
0.07, 1028.53, 257.326, 475
0.071, 958.478, 231.283, 475
0.072, 895.854, 181.996, 475
0.073, 832.517, 175.805, 475
0.074, 768.099, 150.508, 475
0.075, 712.55, 141.109, 475
0.076, 663.886, 130.468, 475
0.077, 620.935, 121.7, 475
0.078, 581.628, 107.743, 475
0.079, 541.413, 96.6103, 475
0.08, 513.373, 90.4896, 475
0.081, 474.603, 78.9581, 475
0.082, 453.947, 75.1112, 475
0.083, 425.252, 70.7588, 475
0.084, 407.214, 65.9833, 475
0.085, 383.002, 61.6559, 475
0.086, 365.266, 57.4845, 475
0.087, 344.578, 53.4967, 475
0.088, 329.745, 49.4139, 475
0.089, 313.974, 45.439, 475
0.09, 298.742, 42.8438, 475
0.091, 286.575, 39.0063, 475
0.092, 275.664, 40.6955, 475
0.093, 264.185, 37.6591, 475
0.094, 252.803, 37.1562, 475
0.095, 243.173, 32.8025, 475
0.096, 233.555, 30.6879, 475
0.097, 225.491, 30.6306, 475
0.098, 215.365, 27.2581, 475
0.099, 207.803, 28.0296, 475
0.1, 200.361, 25.1715, 475
0.101, 194.61, 25.0336, 475
0.102, 186.261, 24.0919, 475
0.103, 181.775, 24.2064, 475
0.104, 174.607, 21.0518, 475
0.105, 169.856, 21.0472, 475
0.106, 163.544, 20.8804, 475
0.107, 158.756, 19.2691, 475
0.108, 155.633, 20.2215, 475
0.109, 151.241, 18.7115, 475
0.11, 145.026, 17.1381, 475
0.111, 142.073, 16.9943, 475
0.112, 138.419, 17.0146, 475
0.113, 134.923, 16.5414, 475
0.114, 130.655, 15.1133, 475
0.115, 127.9, 14.34, 475
0.116, 125.393, 14.1546, 475
0.117, 121.395, 13.5537, 475
0.118, 118.585, 13.6989, 475
0.119, 116.011, 12.7957, 475
0.12, 112.688, 13.3013, 475
0.121, 111.061, 12.6269, 475
0.122, 107.806, 11.9529, 475
0.123, 105.418, 11.0525, 475
0.124, 103.346, 12.3856, 475
0.125, 101.7, 11.4682, 475
0.126, 99.79, 11.4982, 475
0.127, 97.286, 11.1124, 475
0.128, 95.045, 10.8193, 475
0.129, 93.051, 10.0273, 475
0.13, 91.061, 9.79486, 475
0.131, 89.427, 9.94347, 475
0.132, 87.585, 9.56978, 475
0.133, 86.144, 9.6912, 475
0.134, 84.957, 9.39378, 475
0.135, 82.933, 8.60596, 475
0.136, 81.873, 9.17229, 475
0.137, 80.385, 9.46915, 475
0.138, 78.266, 8.13506, 475
0.139, 77.568, 8.72751, 475
0.14, 75.805, 8.43605, 475
0.141, 74.668, 8.4013, 475
0.142, 73.803, 7.74972, 475
0.143, 72.783, 7.84856, 475
0.144, 71.289, 7.55218, 475
0.145, 70.307, 7.6508, 475
0.146, 69.14, 7.07279, 475
0.147, 67.967, 7.52728, 475
0.148, 67.04, 7.0534, 475
0.149, 65.576, 6.48138, 475
0, 0, 0, 480
0.001, 0.007, 0.113802, 480
0.002, 0.057, 0.318984, 480
0.003, 0.197, 0.571131, 480
0.004, 0.458, 0.879907, 480
0.005, 0.722, 1.00236, 480
0.006, 1.191, 1.11737, 480
0.007, 1.666, 1.17407, 480
0.008, 2.042, 1.12882, 480
0.009, 2.353, 1.20266, 480
0.01, 2.576, 1.29701, 480
0.011, 2.917, 1.43879, 480
0.012, 3.214, 1.52256, 480
0.013, 3.654, 1.8467, 480
0.014, 3.954, 1.71344, 480
0.015, 4.421, 1.84547, 480
0.016, 4.762, 1.74223, 480
0.017, 5.263, 2.12081, 480
0.018, 5.55, 2.09273, 480
0.019, 6.067, 2.17911, 480
0.02, 6.364, 2.29554, 480
0.021, 6.662, 2.54279, 480
0.022, 7.08, 2.52063, 480
0.023, 7.624, 2.84335, 480
0.024, 7.875, 2.7154, 480
0.025, 8.442, 2.92449, 480
0.026, 8.91, 2.99531, 480
0.027, 9.623, 3.22225, 480
0.028, 9.887, 3.4334, 480
0.029, 10.44, 3.60727, 480
0.03, 11.071, 4.20023, 480
0.031, 11.511, 4.00498, 480
0.032, 12.152, 4.33462, 480
0.033, 12.794, 4.77112, 480
0.034, 13.558, 5.35748, 480
0.035, 14.191, 4.90556, 480
0.036, 15.461, 6.06024, 480
0.037, 15.883, 5.74154, 480
0.038, 17.068, 7.00567, 480
0.039, 17.847, 7.24552, 480
0.04, 18.388, 8.31249, 480
0.041, 19.943, 9.77158, 480
0.042, 20.547, 8.7535, 480
0.043, 22.025, 10.2194, 480
0.044, 23.166, 9.96215, 480
0.045, 26.656, 67.0302, 480
0.046, 26.594, 14.2332, 480
0.047, 33.255, 103.366, 480
0.048, 34.262, 84.0932, 480
0.049, 44.664, 160.672, 480
0.05, 61.568, 239.198, 480
0.051, 52.537, 181.029, 480
0.052, 62.6, 210.979, 480
0.053, 97.275, 314.514, 480
0.054, 133.219, 399.363, 480
0.055, 184.188, 482.418, 480
0.056, 226.86, 535.974, 480
0.057, 274.535, 577.272, 480
0.058, 383.122, 678.551, 480
0.059, 446.454, 710.749, 480
0.06, 554.861, 751.488, 480
0.061, 713.767, 801.378, 480
0.062, 825.56, 773.586, 480
0.063, 902.83, 757.658, 480
0.064, 1046, 687.88, 480
0.065, 1117.03, 618.761, 480
0.066, 1159.05, 508.761, 480
0.067, 1181.9, 417.159, 480
0.068, 1134.18, 368.1, 480
0.069, 1103.9, 293.976, 480
0.07, 1027.57, 253.096, 480
0.071, 959.888, 225.778, 480
0.072, 889.12, 197.717, 480
0.073, 836.552, 170.505, 480
0.074, 774.419, 154.085, 480
0.075, 715.051, 138.139, 480
0.076, 665.019, 130.026, 480
0.077, 625.469, 114.534, 480
0.078, 575.843, 106.167, 480
0.079, 549.514, 98.5712, 480
0.08, 505.799, 86.9729, 480
0.081, 477.826, 77.3787, 480
0.082, 455.929, 76.8259, 480
0.083, 426.585, 69.6294, 480
0.084, 405.731, 62.5524, 480
0.085, 382.345, 58.0095, 480
0.086, 363.972, 56.9731, 480
0.087, 345.526, 54.0625, 480
0.088, 329.546, 50.8528, 480
0.089, 316.369, 48.2696, 480
0.09, 302.085, 43.8496, 480
0.091, 287.588, 40.0723, 480
0.092, 274.388, 38.4011, 480
0.093, 262.416, 37.0063, 480
0.094, 250.69, 32.8971, 480
0.095, 242.223, 32.8823, 480
0.096, 232.679, 30.6092, 480
0.097, 224.419, 28.8962, 480
0.098, 214.83, 27.8808, 480
0.099, 207.972, 27.6535, 480
0.1, 200.908, 25.471, 480
0.101, 194.355, 25.757, 480
0.102, 185.831, 23.272, 480
0.103, 179.487, 22.2424, 480
0.104, 175.637, 21.9393, 480
0.105, 170.528, 22.2801, 480
0.106, 165.266, 20.4484, 480
0.107, 159.481, 19.1059, 480
0.108, 154.347, 18.602, 480
0.109, 151.013, 18.2437, 480
0.11, 146.986, 18.0453, 480
0.111, 141.074, 16.3221, 480
0.112, 138.203, 16.1896, 480
0.113, 134.895, 16.0388, 480
0.114, 131.324, 15.2836, 480
0.115, 129.174, 15.2567, 480
0.116, 125.639, 14.646, 480
0.117, 122.026, 13.8605, 480
0.118, 118.821, 13.6846, 480
0.119, 116.248, 14.1581, 480
0.12, 113.16, 13.0616, 480
0.121, 110.783, 12.222, 480
0.122, 108.309, 12.1604, 480
0.123, 105.6, 11.7341, 480
0.124, 103.588, 11.5956, 480
0.125, 101.084, 11.2874, 480
0.126, 98.973, 11.8562, 480
0.127, 96.894, 10.4587, 480
0.128, 94.724, 10.0318, 480
0.129, 93.317, 10.31, 480
0.13, 91.535, 10.0073, 480
0.131, 89.971, 10.3336, 480
0.132, 87.902, 9.87058, 480
0.133, 86.038, 9.01091, 480
0.134, 84.713, 9.06745, 480
0.135, 83.473, 8.83342, 480
0.136, 81.797, 8.68077, 480
0.137, 80.274, 8.17942, 480
0.138, 79.262, 8.45526, 480
0.139, 77.057, 8.26328, 480
0.14, 76.02, 8.33664, 480
0.141, 74.89, 8.69275, 480
0.142, 73.801, 7.54953, 480
0.143, 72.09, 7.11968, 480
0.144, 71.526, 7.91235, 480
0.145, 70.136, 7.35238, 480
0.146, 69.033, 7.22716, 480
0.147, 67.776, 6.93872, 480
0.148, 67.138, 7.34431, 480
0.149, 66.299, 7.11615, 480
0, 0, 0, 485
0.001, 0.006, 0.10938, 485
0.002, 0.055, 0.309798, 485
0.003, 0.248, 0.684468, 485
0.004, 0.447, 0.859762, 485
0.005, 0.782, 1.02785, 485
0.006, 1.274, 1.2292, 485
0.007, 1.567, 1.1285, 485
0.008, 1.902, 1.06414, 485
0.009, 2.333, 1.14285, 485
0.01, 2.658, 1.30959, 485
0.011, 2.992, 1.43942, 485
0.012, 3.311, 1.57298, 485
0.013, 3.791, 1.78026, 485
0.014, 3.957, 1.64413, 485
0.015, 4.459, 1.99507, 485
0.016, 4.918, 2.08645, 485
0.017, 5.245, 1.98015, 485
0.018, 5.561, 1.96119, 485
0.019, 5.937, 2.06229, 485
0.02, 6.409, 2.26886, 485
0.021, 6.723, 2.36395, 485
0.022, 7.101, 2.4574, 485
0.023, 7.554, 2.83533, 485
0.024, 8.131, 3.08088, 485
0.025, 8.555, 3.18982, 485
0.026, 8.926, 3.22405, 485
0.027, 9.728, 3.78973, 485
0.028, 9.929, 3.43889, 485
0.029, 10.555, 3.65226, 485
0.03, 11.208, 3.86817, 485
0.031, 11.611, 4.05829, 485
0.032, 12.193, 4.38244, 485
0.033, 13.217, 4.78225, 485
0.034, 13.851, 5.32943, 485
0.035, 14.463, 5.50987, 485
0.036, 15.333, 5.81723, 485
0.037, 16.092, 6.13625, 485
0.038, 17.053, 6.20227, 485
0.039, 18.044, 7.11632, 485
0.04, 19.547, 8.70183, 485
0.041, 19.963, 9.14809, 485
0.042, 21.038, 9.47727, 485
0.043, 21.887, 11.9968, 485
0.044, 23.036, 9.58555, 485
0.045, 27.659, 73.7982, 485
0.046, 26.41, 11.9741, 485
0.047, 31.045, 73.8074, 485
0.048, 33.832, 87.6872, 485
0.049, 38.556, 115.575, 485
0.05, 54.238, 189.054, 485
0.051, 59.722, 214.124, 485
0.052, 67.819, 222.797, 485
0.053, 113.343, 364.609, 485
0.054, 150.574, 430.668, 485
0.055, 186.058, 485.57, 485
0.056, 224.337, 532.974, 485
0.057, 271.351, 576.761, 485
0.058, 398.6, 682.27, 485
0.059, 501.142, 752.189, 485
0.06, 569.843, 773.212, 485
0.061, 717.789, 797.749, 485
0.062, 874.63, 804.394, 485
0.063, 933.481, 757.216, 485
0.064, 1070.97, 700.365, 485
0.065, 1153.54, 610.129, 485
0.066, 1159.57, 534.425, 485
0.067, 1189.42, 426.374, 485
0.068, 1139.29, 354.197, 485
0.069, 1104.9, 290.547, 485
0.07, 1033.22, 238.034, 485
0.071, 963.4, 223.844, 485
0.072, 909.742, 212.06, 485
0.073, 826.79, 172.464, 485
0.074, 772.239, 154.885, 485
0.075, 716.832, 144.948, 485
0.076, 665.412, 131.429, 485
0.077, 624.183, 120.448, 485
0.078, 578.21, 105.409, 485
0.079, 546.457, 95.8616, 485
0.08, 512.052, 86.8891, 485
0.081, 481.684, 79.7115, 485
0.082, 454.954, 75.1197, 485
0.083, 427.498, 69.5807, 485
0.084, 402.567, 62.5742, 485
0.085, 380.503, 59.2991, 485
0.086, 363.652, 55.564, 485
0.087, 346.985, 54.1243, 485
0.088, 329.204, 49.1181, 485
0.089, 315.906, 48.7569, 485
0.09, 299.721, 43.4232, 485
0.091, 286.168, 40.5827, 485
0.092, 275.185, 38.6818, 485
0.093, 262.057, 36.5243, 485
0.094, 253.356, 34.8528, 485
0.095, 243.185, 33.5348, 485
0.096, 233.134, 30.194, 485
0.097, 224.562, 30.0702, 485
0.098, 216.103, 28.7749, 485
0.099, 207.304, 26.7413, 485
0.1, 200.969, 25.3354, 485
0.101, 194.842, 25.4601, 485
0.102, 188.063, 24.8227, 485
0.103, 180.89, 22.9222, 485
0.104, 176.13, 22.6569, 485
0.105, 168.729, 19.1616, 485
0.106, 164.632, 19.8431, 485
0.107, 160.84, 20.9875, 485
0.108, 154.698, 18.0111, 485
0.109, 150.659, 17.7282, 485
0.11, 145.358, 16.6122, 485
0.111, 141.705, 17.0887, 485
0.112, 139.696, 17.5452, 485
0.113, 135.376, 15.8307, 485
0.114, 131.4, 15.1499, 485
0.115, 128.162, 14.5449, 485
0.116, 124.773, 14.3306, 485
0.117, 121.697, 14.391, 485
0.118, 118.709, 12.8658, 485
0.119, 116.277, 13.2776, 485
0.12, 113.379, 12.9533, 485
0.121, 110.681, 12.8929, 485
0.122, 108.054, 12.6198, 485
0.123, 104.702, 11.5628, 485
0.124, 102.981, 11.937, 485
0.125, 101.153, 11.2794, 485
0.126, 99.449, 11.0097, 485
0.127, 96.317, 10.1676, 485
0.128, 95.473, 10.5036, 485
0.129, 93.457, 10.4927, 485
0.13, 91.327, 10.2977, 485
0.131, 89.829, 9.86346, 485
0.132, 87.996, 9.50284, 485
0.133, 86.589, 9.60521, 485
0.134, 84.897, 9.59168, 485
0.135, 83.017, 8.69878, 485
0.136, 81.804, 8.92657, 485
0.137, 80.417, 9.15298, 485
0.138, 78.84, 8.60444, 485
0.139, 77.636, 7.90389, 485
0.14, 76.297, 8.18112, 485
0.141, 74.967, 7.73924, 485
0.142, 73.738, 7.79842, 485
0.143, 72.685, 7.99661, 485
0.144, 71.18, 7.58074, 485
0.145, 70.596, 7.51457, 485
0.146, 69.08, 7.4186, 485
0.147, 68.404, 7.4827, 485
0.148, 67.17, 7.466, 485
0.149, 66.396, 7.09445, 485
0, 0, 0, 490
0.001, 0.012, 0.154454, 490
0.002, 0.068, 0.370643, 490
0.003, 0.199, 0.589406, 490
0.004, 0.428, 0.781547, 490
0.005, 0.801, 1.06179, 490
0.006, 1.242, 1.14954, 490
0.007, 1.574, 1.16984, 490
0.008, 2.022, 1.16341, 490
0.009, 2.332, 1.17037, 490
0.01, 2.609, 1.28067, 490
0.011, 2.973, 1.41502, 490
0.012, 3.362, 1.62879, 490
0.013, 3.783, 1.78435, 490
0.014, 4.108, 1.76645, 490
0.015, 4.495, 1.89789, 490
0.016, 4.84, 1.89167, 490
0.017, 5.204, 1.91582, 490
0.018, 5.57, 2.04966, 490
0.019, 5.996, 2.02336, 490
0.02, 6.386, 2.24299, 490
0.021, 6.838, 2.45637, 490
0.022, 7.376, 2.98037, 490
0.023, 7.667, 3.02095, 490
0.024, 8.072, 2.82892, 490
0.025, 8.679, 3.08025, 490
0.026, 9.1, 3.37016, 490
0.027, 9.526, 3.59768, 490
0.028, 10.117, 3.57733, 490
0.029, 10.485, 3.44932, 490
0.03, 11.387, 3.86668, 490
0.031, 11.938, 4.23109, 490
0.032, 12.425, 4.17401, 490
0.033, 13.23, 4.83499, 490
0.034, 13.77, 4.8618, 490
0.035, 14.464, 5.25668, 490
0.036, 15.162, 5.82939, 490
0.037, 16.03, 5.83927, 490
0.038, 16.951, 6.53212, 490
0.039, 17.796, 8.35382, 490
0.04, 18.627, 7.09041, 490
0.041, 19.929, 7.84461, 490
0.042, 21.22, 9.32982, 490
0.043, 22.367, 10.2742, 490
0.044, 23.068, 9.8845, 490
0.045, 25.255, 12.8813, 490
0.046, 26.624, 13.4225, 490
0.047, 33.03, 105.596, 490
0.048, 33.488, 82.1431, 490
0.049, 40.09, 121.26, 490
0.05, 56.128, 213.083, 490
0.051, 60.851, 218.168, 490
0.052, 102.829, 346.315, 490
0.053, 101.877, 336.403, 490
0.054, 150.799, 435.237, 490
0.055, 195.272, 508.305, 490
0.056, 243.821, 567.79, 490
0.057, 284.963, 604.863, 490
0.058, 386.227, 683.035, 490
0.059, 470.054, 730.953, 490
0.06, 618.318, 800.13, 490
0.061, 757.372, 813.734, 490
0.062, 856.499, 791.704, 490
0.063, 1009.89, 754.077, 490
0.064, 1069.84, 689.579, 490
0.065, 1132.1, 631.956, 490
0.066, 1165.45, 534.016, 490
0.067, 1188.89, 437.87, 490
0.068, 1158.17, 345.136, 490
0.069, 1107.45, 296.731, 490
0.07, 1047.36, 242.728, 490
0.071, 963.978, 223.88, 490
0.072, 894.303, 181.228, 490
0.073, 838.905, 175.937, 490
0.074, 784.02, 162.542, 490
0.075, 720.973, 134.569, 490
0.076, 665.371, 123.556, 490
0.077, 626.055, 121.332, 490
0.078, 581.615, 107.317, 490
0.079, 547.544, 97.7427, 490
0.08, 512.848, 87.3393, 490
0.081, 476.572, 83.2558, 490
0.082, 454.34, 75.0692, 490
0.083, 427.44, 66.9102, 490
0.084, 402.703, 63.3983, 490
0.085, 383.611, 59.4871, 490
0.086, 362.99, 54.7594, 490
0.087, 347.835, 54.1259, 490
0.088, 327.532, 47.0449, 490
0.089, 317.258, 46.5743, 490
0.09, 303.716, 43.7932, 490
0.091, 286.08, 38.6452, 490
0.092, 275.197, 38.3406, 490
0.093, 263.591, 35.702, 490
0.094, 253.01, 34.9368, 490
0.095, 240.89, 33.5104, 490
0.096, 232.977, 30.1219, 490
0.097, 223.668, 29.9253, 490
0.098, 215.034, 27.3258, 490
0.099, 209.202, 27.369, 490
0.1, 200.784, 25.7909, 490
0.101, 193.304, 23.5798, 490
0.102, 187.374, 23.2817, 490
0.103, 180.472, 22.3642, 490
0.104, 176.085, 22.4782, 490
0.105, 170.28, 21.3168, 490
0.106, 165.867, 20.6364, 490
0.107, 159.42, 19.9046, 490
0.108, 154.666, 18.9217, 490
0.109, 151.799, 19.1445, 490
0.11, 147.036, 18.0947, 490
0.111, 142.372, 17.571, 490
0.112, 138.559, 16.2503, 490
0.113, 135.087, 15.9306, 490
0.114, 131.527, 15.3087, 490
0.115, 127.758, 14.9862, 490
0.116, 124.68, 14.271, 490
0.117, 121.178, 14.3926, 490
0.118, 118.633, 13.1948, 490
0.119, 115.431, 12.9328, 490
0.12, 112.753, 11.9756, 490
0.121, 110.555, 12.5472, 490
0.122, 108.455, 11.7615, 490
0.123, 106.059, 12.1338, 490
0.124, 103.079, 11.0321, 490
0.125, 101.554, 11.8084, 490
0.126, 99.603, 11.12, 490
0.127, 97.15, 10.5614, 490
0.128, 95.073, 10.2423, 490
0.129, 93.537, 10.9129, 490
0.13, 91.239, 9.94504, 490
0.131, 89.818, 9.93634, 490
0.132, 87.662, 9.95016, 490
0.133, 86.521, 9.782, 490
0.134, 84.827, 8.90949, 490
0.135, 83.071, 8.95209, 490
0.136, 82.124, 9.38076, 490
0.137, 80.238, 8.95295, 490
0.138, 79.219, 8.55845, 490
0.139, 78.046, 8.73281, 490
0.14, 75.969, 7.7249, 490
0.141, 75.153, 7.96992, 490
0.142, 74.029, 7.86741, 490
0.143, 72.729, 7.33795, 490
0.144, 71.08, 7.37629, 490
0.145, 70.201, 7.51682, 490
0.146, 69.431, 7.8869, 490
0.147, 68.186, 7.18773, 490
0.148, 67.339, 7.41796, 490
0.149, 66.184, 7.28849, 490
0, 0, 0, 495
0.001, 0.014, 0.160636, 495
0.002, 0.059, 0.339881, 495
0.003, 0.202, 0.610898, 495
0.004, 0.516, 0.898746, 495
0.005, 0.858, 1.062, 495
0.006, 1.241, 1.12824, 495
0.007, 1.656, 1.12857, 495
0.008, 2.038, 1.09752, 495
0.009, 2.483, 1.2883, 495
0.01, 2.706, 1.35925, 495
0.011, 3.063, 1.54111, 495
0.012, 3.433, 1.59358, 495
0.013, 3.804, 1.74401, 495
0.014, 4.174, 1.93848, 495
0.015, 4.494, 1.7487, 495
0.016, 4.891, 1.87966, 495
0.017, 5.242, 1.97064, 495
0.018, 5.657, 2.0118, 495
0.019, 6.041, 2.24306, 495
0.02, 6.418, 2.18341, 495
0.021, 6.767, 2.35896, 495
0.022, 7.121, 2.41379, 495
0.023, 7.698, 2.85075, 495
0.024, 8.094, 2.737, 495
0.025, 8.55, 3.05213, 495
0.026, 9.17, 3.13163, 495
0.027, 9.452, 3.22672, 495
0.028, 10.077, 3.5647, 495
0.029, 10.346, 3.33741, 495
0.03, 11.464, 4.27793, 495
0.031, 11.89, 4.69999, 495
0.032, 12.545, 4.39135, 495
0.033, 13.347, 5.04625, 495
0.034, 13.843, 4.83739, 495
0.035, 14.464, 4.87819, 495
0.036, 15.258, 5.43668, 495
0.037, 16.188, 6.26424, 495
0.038, 17.219, 7.16443, 495
0.039, 17.79, 6.71579, 495
0.04, 18.813, 7.69208, 495
0.041, 20.484, 8.75498, 495
0.042, 21.405, 9.84637, 495
0.043, 22.583, 9.56332, 495
0.044, 23.587, 11.659, 495
0.045, 24.973, 10.9646, 495
0.046, 28.816, 82.4485, 495
0.047, 27.932, 12.3256, 495
0.048, 35.069, 114.331, 495
0.049, 41.802, 138.875, 495
0.05, 47.327, 153.355, 495
0.051, 67.322, 238.926, 495
0.052, 88.35, 310.118, 495
0.053, 114.51, 362.874, 495
0.054, 142.922, 422.451, 495
0.055, 176.186, 471.858, 495
0.056, 252.552, 577.944, 495
0.057, 329.649, 652.795, 495
0.058, 413.678, 719.392, 495
0.059, 467.992, 732.048, 495
0.06, 590.053, 774.096, 495
0.061, 753.915, 822.377, 495
0.062, 888.26, 798.594, 495
0.063, 999.472, 769.968, 495
0.064, 1095.89, 680.549, 495
0.065, 1173.03, 601.933, 495
0.066, 1237.85, 487.889, 495
0.067, 1223.03, 417.794, 495
0.068, 1160.71, 360.155, 495
0.069, 1107.52, 284.831, 495
0.07, 1034.4, 254.782, 495
0.071, 974.076, 215.4, 495
0.072, 901.214, 203.641, 495
0.073, 839.465, 179.476, 495
0.074, 769.393, 148.372, 495
0.075, 712.211, 139.579, 495
0.076, 670.689, 132.544, 495
0.077, 622.39, 116.378, 495
0.078, 585.071, 104.654, 495
0.079, 543.586, 98.9932, 495
0.08, 515.11, 88.4256, 495
0.081, 476.758, 76.5953, 495
0.082, 449.669, 71.9083, 495
0.083, 426.4, 66.1704, 495
0.084, 407.772, 63.5163, 495
0.085, 391.951, 62.6499, 495
0.086, 364.135, 55.6406, 495
0.087, 347.294, 51.0187, 495
0.088, 330.224, 47.5465, 495
0.089, 314.396, 45.6656, 495
0.09, 302.972, 44.5656, 495
0.091, 288.876, 40.133, 495
0.092, 277.118, 40.8601, 495
0.093, 263.345, 36.85, 495
0.094, 253.747, 35.6993, 495
0.095, 243.216, 31.8843, 495
0.096, 232.691, 30.9988, 495
0.097, 225.584, 31.5743, 495
0.098, 216.47, 27.2998, 495
0.099, 209.327, 27.3421, 495
0.1, 200.698, 27.0985, 495
0.101, 193.864, 25.5799, 495
0.102, 188.096, 23.5203, 495
0.103, 180.311, 22.2317, 495
0.104, 176.298, 22.6682, 495
0.105, 170.141, 20.5052, 495
0.106, 165.13, 20.0235, 495
0.107, 159.406, 19.5498, 495
0.108, 155.876, 18.2012, 495
0.109, 150.433, 17.5213, 495
0.11, 146.923, 17.1999, 495
0.111, 143.005, 17.5245, 495
0.112, 139.411, 17.4362, 495
0.113, 134.836, 16.2873, 495
0.114, 131.408, 14.9163, 495
0.115, 128.147, 15.4599, 495
0.116, 123.959, 14.142, 495
0.117, 121.655, 13.7579, 495
0.118, 118.616, 13.321, 495
0.119, 115.976, 13.496, 495
0.12, 113.09, 12.2884, 495
0.121, 110.722, 12.6149, 495
0.122, 108.469, 12.2763, 495
0.123, 106.183, 12.114, 495
0.124, 103.359, 11.5896, 495
0.125, 101.156, 11.2995, 495
0.126, 99.175, 11.0386, 495
0.127, 97.638, 11.2335, 495
0.128, 95.042, 10.2333, 495
0.129, 93.554, 10.0986, 495
0.13, 91.584, 10.1578, 495
0.131, 89.937, 10.153, 495
0.132, 87.767, 9.18416, 495
0.133, 86.108, 9.50559, 495
0.134, 85.067, 9.39684, 495
0.135, 83.671, 9.11827, 495
0.136, 81.994, 9.02795, 495
0.137, 80.208, 9.2498, 495
0.138, 79.111, 8.33707, 495
0.139, 77.538, 8.067, 495
0.14, 76.678, 8.42676, 495
0.141, 75.044, 7.96894, 495
0.142, 73.758, 7.85184, 495
0.143, 72.773, 7.76128, 495
0.144, 70.961, 7.22727, 495
0.145, 70.137, 7.27257, 495
0.146, 69.12, 7.08192, 495
0.147, 67.969, 7.13961, 495
0.148, 67.453, 7.10871, 495
0.149, 66.459, 7.10805, 495
0, 0, 0, 500
0.001, 0.006, 0.0998198, 500
0.002, 0.065, 0.329811, 500
0.003, 0.207, 0.586644, 500
0.004, 0.477, 0.838732, 500
0.005, 0.816, 1.02963, 500
0.006, 1.291, 1.13328, 500
0.007, 1.676, 1.12917, 500
0.008, 2.104, 1.20631, 500
0.009, 2.344, 1.17799, 500
0.01, 2.639, 1.30333, 500
0.011, 2.97, 1.49837, 500
0.012, 3.476, 1.61227, 500
0.013, 3.7, 1.70353, 500
0.014, 4.001, 1.66583, 500
0.015, 4.656, 1.85409, 500
0.016, 4.923, 1.83387, 500
0.017, 5.386, 2.03101, 500
0.018, 5.678, 1.99557, 500
0.019, 6.183, 2.13671, 500
0.02, 6.339, 2.0876, 500
0.021, 6.839, 2.23541, 500
0.022, 7.287, 2.54767, 500
0.023, 7.734, 2.62664, 500
0.024, 8.008, 2.91889, 500
0.025, 8.706, 3.08149, 500
0.026, 8.913, 3.10088, 500
0.027, 9.471, 3.19831, 500
0.028, 10.308, 3.77613, 500
0.029, 10.556, 3.5084, 500
0.03, 11.22, 3.82173, 500
0.031, 12.118, 4.20881, 500
0.032, 12.421, 4.31993, 500
0.033, 13.124, 4.3235, 500
0.034, 13.727, 4.75799, 500
0.035, 14.53, 5.34763, 500
0.036, 15.473, 5.43188, 500
0.037, 16.405, 6.30579, 500
0.038, 16.871, 6.30288, 500
0.039, 18.492, 7.72787, 500
0.04, 19.279, 8.30392, 500
0.041, 20.57, 9.11763, 500
0.042, 20.869, 8.40856, 500
0.043, 22.809, 9.6305, 500
0.044, 24.357, 14.2531, 500
0.045, 25.102, 11.3955, 500
0.046, 34.171, 133.052, 500
0.047, 35.799, 106.631, 500
0.048, 38.208, 126.798, 500
0.049, 47.008, 166.145, 500
0.05, 67.751, 251.481, 500
0.051, 70.231, 252.096, 500
0.052, 83.544, 301.485, 500
0.053, 124.014, 397.177, 500
0.054, 149.243, 443.033, 500
0.055, 184.42, 498.726, 500
0.056, 254.15, 579.798, 500
0.057, 308.733, 628.175, 500
0.058, 434.833, 727.898, 500
0.059, 522.908, 777.314, 500
0.06, 606.946, 795.073, 500
0.061, 806.469, 833.42, 500
0.062, 895.203, 802.761, 500
0.063, 1049.93, 768.347, 500
0.064, 1101.64, 704.608, 500
0.065, 1215.42, 605.035, 500
0.066, 1194.55, 525.842, 500
0.067, 1201.69, 427.91, 500
0.068, 1175.25, 344.691, 500
0.069, 1103.62, 284.119, 500
0.07, 1060.21, 253.128, 500
0.071, 973.263, 221.57, 500
0.072, 895.991, 196.258, 500
0.073, 833.554, 173.544, 500
0.074, 773.886, 154.228, 500
0.075, 721.866, 144.301, 500
0.076, 670.202, 126.374, 500
0.077, 622.712, 118.147, 500
0.078, 576.593, 105.673, 500
0.079, 543.4, 94.141, 500
0.08, 508.608, 85.0139, 500
0.081, 483.675, 80.7068, 500
0.082, 457.058, 76.8859, 500
0.083, 429.12, 69.4551, 500
0.084, 406.509, 65.8856, 500
0.085, 385.445, 56.0992, 500
0.086, 363.189, 53.2817, 500
0.087, 347.827, 52.8835, 500
0.088, 332.218, 49.4745, 500
0.089, 315.377, 45.2331, 500
0.09, 302.339, 42.606, 500
0.091, 287.328, 39.6899, 500
0.092, 272.912, 37.2469, 500
0.093, 264.188, 37.8055, 500
0.094, 250.422, 33.1655, 500
0.095, 240.694, 30.5934, 500
0.096, 233.61, 32.7887, 500
0.097, 224.527, 30.131, 500
0.098, 216.007, 28.2752, 500
0.099, 208.742, 26.5725, 500
0.1, 199.28, 25.0873, 500
0.101, 194.335, 23.6052, 500
0.102, 188.291, 22.6296, 500
0.103, 181.036, 20.5745, 500
0.104, 176.066, 21.8414, 500
0.105, 169.872, 20.7278, 500
0.106, 164.632, 19.8694, 500
0.107, 159.768, 19.3421, 500
0.108, 154.03, 17.6416, 500
0.109, 150.957, 18.3108, 500
0.11, 146.107, 17.5584, 500
0.111, 142.337, 17.2664, 500
0.112, 138.867, 16.3064, 500
0.113, 134.696, 15.4813, 500
0.114, 131.541, 16.1903, 500
0.115, 128.385, 15.7744, 500
0.116, 125.198, 14.8234, 500
0.117, 122.192, 14.2582, 500
0.118, 118.937, 12.7205, 500
0.119, 116.075, 13.225, 500
0.12, 113.033, 12.1097, 500
0.121, 110.993, 12.4647, 500
0.122, 108.208, 12.2212, 500
0.123, 105.879, 12.5459, 500
0.124, 103.786, 11.5784, 500
0.125, 101.75, 10.6857, 500
0.126, 99.095, 10.4308, 500
0.127, 97.55, 10.7775, 500
0.128, 95.584, 10.5963, 500
0.129, 94.436, 11.2891, 500
0.13, 91.452, 9.94865, 500
0.131, 90.273, 10.4636, 500
0.132, 88.027, 9.22964, 500
0.133, 86.574, 9.44788, 500
0.134, 85.257, 9.26774, 500
0.135, 83.105, 8.87896, 500
0.136, 81.799, 8.91967, 500
0.137, 80.395, 8.73768, 500
0.138, 78.89, 8.06002, 500
0.139, 78.104, 8.75975, 500
0.14, 76.057, 8.09789, 500
0.141, 74.938, 8.04078, 500
0.142, 73.824, 7.95116, 500
0.143, 72.575, 7.6654, 500
0.144, 71.966, 8.12224, 500
0.145, 70.375, 7.32519, 500
0.146, 69.356, 7.4526, 500
0.147, 68.591, 7.19526, 500
0.148, 67.504, 7.32939, 500
0.149, 66.17, 6.86725, 500

Processor time: 477152.

Wall time: 477514s.
