This function calculates N(6, 3, p).

Parameters: #simulations = 1000.
p from 0 to 0.15 step 0.001.

p, N(p), SD, size.

0, 0, 0, 205
0.001, 0, 0, 205
0.002, 0.005, 0.0947365, 205
0.003, 0.03, 0.221585, 205
0.004, 0.086, 0.400754, 205
0.005, 0.152, 0.575236, 205
0.006, 0.309, 0.733157, 205
0.007, 0.461, 0.886837, 205
0.008, 0.667, 1.07616, 205
0.009, 0.787, 1.07964, 205
0.01, 1.086, 1.22825, 205
0.011, 1.338, 1.26086, 205
0.012, 1.601, 1.36374, 205
0.013, 1.955, 1.47681, 205
0.014, 2.173, 1.41034, 205
0.015, 2.523, 1.6969, 205
0.016, 2.706, 1.67498, 205
0.017, 2.948, 1.6755, 205
0.018, 3.166, 1.73622, 205
0.019, 3.511, 1.92662, 205
0.02, 3.716, 1.99081, 205
0.021, 3.927, 2.18029, 205
0.022, 4.237, 2.13795, 205
0.023, 4.518, 2.21488, 205
0.024, 4.78, 2.30729, 205
0.025, 5.26, 2.46179, 205
0.026, 5.48, 2.54551, 205
0.027, 5.816, 2.78103, 205
0.028, 6.145, 2.80891, 205
0.029, 6.609, 3.22802, 205
0.03, 6.778, 3.16745, 205
0.031, 7.375, 3.75851, 205
0.032, 7.56, 3.52653, 205
0.033, 7.992, 3.59638, 205
0.034, 8.396, 3.67004, 205
0.035, 8.611, 4.11384, 205
0.036, 9.216, 4.16117, 205
0.037, 9.791, 5.04493, 205
0.038, 10.265, 4.45542, 205
0.039, 10.649, 4.81682, 205
0.04, 10.886, 5.16962, 205
0.041, 11.839, 6.67091, 205
0.042, 12.7, 5.9659, 205
0.043, 13.195, 6.4188, 205
0.044, 14.108, 7.87581, 205
0.045, 15.341, 9.11903, 205
0.046, 15.254, 7.51848, 205
0.047, 16.255, 9.48873, 205
0.048, 17.133, 8.81007, 205
0.049, 19.3, 28.4703, 205
0.05, 23.358, 63.7246, 205
0.051, 21.529, 27.8337, 205
0.052, 23.41, 42.2082, 205
0.053, 25.651, 49.5434, 205
0.054, 33.395, 89.9828, 205
0.055, 32.156, 71.4588, 205
0.056, 43.935, 117.802, 205
0.057, 47.588, 121.905, 205
0.058, 61.388, 153.344, 205
0.059, 65.569, 161.758, 205
0.06, 69.951, 166.374, 205
0.061, 92.204, 202.751, 205
0.062, 112.499, 221.555, 205
0.063, 131.626, 243.18, 205
0.064, 174.196, 278.653, 205
0.065, 201.668, 295.185, 205
0.066, 207.632, 290.482, 205
0.067, 241.364, 303.714, 205
0.068, 278.272, 315.092, 205
0.069, 312.527, 315.784, 205
0.07, 376.988, 314.203, 205
0.071, 377.807, 298.998, 205
0.072, 434.341, 282.222, 205
0.073, 453.031, 265.864, 205
0.074, 469.508, 238.873, 205
0.075, 470.725, 224.741, 205
0.076, 494.644, 185.937, 205
0.077, 480.489, 167.58, 205
0.078, 472.197, 144.988, 205
0.079, 461.249, 126.794, 205
0.08, 451.378, 116.925, 205
0.081, 436.118, 102.399, 205
0.082, 409.658, 89.6333, 205
0.083, 397.05, 83.587, 205
0.084, 377.469, 78.5239, 205
0.085, 356.211, 70.4446, 205
0.086, 341.483, 66.0412, 205
0.087, 331.184, 63.3335, 205
0.088, 309.075, 57.855, 205
0.089, 290.582, 53.3828, 205
0.09, 282.31, 55.0837, 205
0.091, 275.815, 51.2253, 205
0.092, 260.419, 46.7898, 205
0.093, 249.929, 45.2003, 205
0.094, 238.545, 41.0506, 205
0.095, 229.364, 38.2764, 205
0.096, 219.065, 38.03, 205
0.097, 212.761, 35.8558, 205
0.098, 205.397, 35.7536, 205
0.099, 196.671, 33.8865, 205
0.1, 189.902, 30.3656, 205
0.101, 183.166, 29.7083, 205
0.102, 179.09, 29.0268, 205
0.103, 171.877, 26.0073, 205
0.104, 167.683, 26.4742, 205
0.105, 161.103, 24.0601, 205
0.106, 156.174, 25.0392, 205
0.107, 151.504, 22.0683, 205
0.108, 147.363, 22.8498, 205
0.109, 142.023, 21.8401, 205
0.11, 139.656, 21.0732, 205
0.111, 135.054, 20.1445, 205
0.112, 131.366, 19.3328, 205
0.113, 127.902, 18.2897, 205
0.114, 126.238, 18.8098, 205
0.115, 120.339, 17.7807, 205
0.116, 118.945, 16.5584, 205
0.117, 115.393, 16.988, 205
0.118, 112.694, 15.7157, 205
0.119, 110.315, 16.2993, 205
0.12, 107.506, 15.0151, 205
0.121, 106.086, 15.9007, 205
0.122, 102.919, 14.3569, 205
0.123, 100.175, 13.8704, 205
0.124, 97.449, 13.0689, 205
0.125, 95.87, 13.0176, 205
0.126, 94.567, 13.0128, 205
0.127, 92.705, 13.6268, 205
0.128, 89.744, 12.2446, 205
0.129, 88.576, 11.8486, 205
0.13, 86.887, 11.6196, 205
0.131, 85.568, 11.8331, 205
0.132, 83.14, 10.7155, 205
0.133, 81.578, 10.4277, 205
0.134, 80.368, 10.4147, 205
0.135, 78.591, 10.4077, 205
0.136, 77.188, 10.528, 205
0.137, 76.29, 10.4402, 205
0.138, 74.745, 9.93026, 205
0.139, 73.499, 9.88241, 205
0.14, 72.753, 9.91161, 205
0.141, 71.042, 9.49285, 205
0.142, 69.933, 9.17521, 205
0.143, 68.259, 9.4882, 205
0.144, 68.247, 9.45917, 205
0.145, 66.659, 8.7443, 205
0.146, 65.587, 8.84514, 205
0.147, 65.462, 8.59759, 205
0.148, 63.161, 7.75481, 205
0.149, 62.271, 7.87207, 205
0, 0, 0, 210
0.001, 0, 0, 210
0.002, 0.021, 0.21109, 210
0.003, 0.031, 0.232463, 210
0.004, 0.107, 0.470692, 210
0.005, 0.171, 0.58117, 210
0.006, 0.335, 0.789161, 210
0.007, 0.483, 0.921798, 210
0.008, 0.633, 0.972785, 210
0.009, 0.863, 1.12438, 210
0.01, 1.157, 1.21587, 210
0.011, 1.429, 1.35534, 210
0.012, 1.636, 1.28666, 210
0.013, 1.878, 1.43008, 210
0.014, 2.135, 1.3382, 210
0.015, 2.477, 1.58034, 210
0.016, 2.724, 1.67804, 210
0.017, 2.961, 1.76507, 210
0.018, 3.254, 1.82633, 210
0.019, 3.531, 1.92485, 210
0.02, 3.768, 2.00054, 210
0.021, 4.19, 2.12224, 210
0.022, 4.287, 2.12005, 210
0.023, 4.589, 2.13871, 210
0.024, 5.062, 2.49081, 210
0.025, 5.228, 2.43352, 210
0.026, 5.562, 2.72289, 210
0.027, 6.021, 2.81648, 210
0.028, 6.189, 2.85294, 210
0.029, 6.615, 2.84373, 210
0.03, 6.904, 2.94156, 210
0.031, 7.477, 3.52413, 210
0.032, 7.758, 3.21643, 210
0.033, 8.273, 3.83985, 210
0.034, 8.465, 3.85471, 210
0.035, 8.898, 4.08456, 210
0.036, 9.458, 4.33846, 210
0.037, 9.842, 4.53421, 210
0.038, 10.756, 5.20139, 210
0.039, 10.83, 4.73298, 210
0.04, 11.378, 5.09678, 210
0.041, 11.863, 5.50929, 210
0.042, 12.688, 5.81401, 210
0.043, 13.243, 6.07371, 210
0.044, 14.176, 6.90442, 210
0.045, 14.686, 7.4268, 210
0.046, 15.372, 8.19144, 210
0.047, 16.858, 9.7678, 210
0.048, 18.18, 32.8544, 210
0.049, 19.002, 32.9561, 210
0.05, 19.947, 29.3405, 210
0.051, 23.848, 64.6947, 210
0.052, 26.532, 66.5548, 210
0.053, 28.495, 69.8286, 210
0.054, 34.117, 92.8393, 210
0.055, 34.904, 86.0097, 210
0.056, 47.379, 127.687, 210
0.057, 54.779, 141.815, 210
0.058, 57.221, 146.665, 210
0.059, 61.716, 145.582, 210
0.06, 70.919, 165.363, 210
0.061, 99.028, 209.919, 210
0.062, 105.253, 215.979, 210
0.063, 148.879, 266.249, 210
0.064, 174.381, 279.605, 210
0.065, 196.466, 296.198, 210
0.066, 227.174, 308.903, 210
0.067, 286.613, 333.332, 210
0.068, 281.533, 318.841, 210
0.069, 355.872, 331.347, 210
0.07, 385.97, 319.956, 210
0.071, 422.142, 302.367, 210
0.072, 444.552, 288.513, 210
0.073, 465.944, 263.871, 210
0.074, 485.409, 241.742, 210
0.075, 501.469, 206.841, 210
0.076, 501.408, 184.835, 210
0.077, 482.672, 169.063, 210
0.078, 474.304, 147.885, 210
0.079, 475.818, 122.102, 210
0.08, 451.95, 112.068, 210
0.081, 439.126, 96.9027, 210
0.082, 413.426, 85.9715, 210
0.083, 396.351, 80.6665, 210
0.084, 375.15, 75.1778, 210
0.085, 360.981, 72.5779, 210
0.086, 343.371, 69.2713, 210
0.087, 322.455, 59.6621, 210
0.088, 309.075, 61.5495, 210
0.089, 294.917, 54.8232, 210
0.09, 284.144, 53.488, 210
0.091, 271.498, 49.7596, 210
0.092, 260.092, 46.1909, 210
0.093, 248.463, 43.2273, 210
0.094, 241.537, 41.6719, 210
0.095, 228.076, 38.6305, 210
0.096, 221.327, 38.1706, 210
0.097, 211.863, 35.9864, 210
0.098, 207.63, 35.558, 210
0.099, 197.362, 33.863, 210
0.1, 190.812, 31.5183, 210
0.101, 183.513, 29.6745, 210
0.102, 177.693, 28.6017, 210
0.103, 171.818, 25.2976, 210
0.104, 166.14, 24.7338, 210
0.105, 161.807, 25.0182, 210
0.106, 155.403, 24.0959, 210
0.107, 151.306, 23.5895, 210
0.108, 147.911, 22.6479, 210
0.109, 143.944, 22.2946, 210
0.11, 138.103, 20.1311, 210
0.111, 135.075, 19.7181, 210
0.112, 131.225, 18.7175, 210
0.113, 129.315, 19.8045, 210
0.114, 124.78, 18.1899, 210
0.115, 121.504, 17.6111, 210
0.116, 118.883, 16.989, 210
0.117, 115.831, 17.0555, 210
0.118, 113.083, 16.1395, 210
0.119, 110.169, 15.4775, 210
0.12, 107.6, 14.9093, 210
0.121, 105.045, 14.2617, 210
0.122, 103.224, 14.7594, 210
0.123, 101.27, 14.2801, 210
0.124, 98.75, 14.2383, 210
0.125, 96.029, 12.7704, 210
0.126, 93.588, 13.078, 210
0.127, 92.455, 12.7165, 210
0.128, 90.616, 12.2812, 210
0.129, 88.68, 12.1321, 210
0.13, 86.856, 11.3981, 210
0.131, 85.401, 11.6798, 210
0.132, 83.795, 10.8649, 210
0.133, 82.363, 11.3419, 210
0.134, 80.558, 10.4813, 210
0.135, 79.199, 10.9393, 210
0.136, 78.286, 10.4466, 210
0.137, 76.628, 10.3628, 210
0.138, 75.281, 10.0857, 210
0.139, 73.649, 9.70195, 210
0.14, 72.168, 9.37325, 210
0.141, 71.107, 9.46, 210
0.142, 69.557, 9.07705, 210
0.143, 69.425, 8.91563, 210
0.144, 67.84, 8.82136, 210
0.145, 66.77, 9.20169, 210
0.146, 66.023, 8.5173, 210
0.147, 64.666, 8.06526, 210
0.148, 63.757, 8.26571, 210
0.149, 63.091, 8.39861, 210
0, 0, 0, 215
0.001, 0, 0, 215
0.002, 0.012, 0.147838, 215
0.003, 0.046, 0.286154, 215
0.004, 0.1, 0.431277, 215
0.005, 0.179, 0.564765, 215
0.006, 0.317, 0.756645, 215
0.007, 0.489, 0.918629, 215
0.008, 0.783, 1.16872, 215
0.009, 0.95, 1.17367, 215
0.01, 1.192, 1.27638, 215
0.011, 1.42, 1.25284, 215
0.012, 1.687, 1.4018, 215
0.013, 2.01, 1.45736, 215
0.014, 2.364, 1.53607, 215
0.015, 2.509, 1.55946, 215
0.016, 2.746, 1.60919, 215
0.017, 2.969, 1.60625, 215
0.018, 3.348, 1.8732, 215
0.019, 3.522, 1.91977, 215
0.02, 3.876, 2.13743, 215
0.021, 4.096, 2.01017, 215
0.022, 4.41, 2.18721, 215
0.023, 4.731, 2.31358, 215
0.024, 5.08, 2.50671, 215
0.025, 5.365, 2.55025, 215
0.026, 5.794, 2.86733, 215
0.027, 5.967, 2.61876, 215
0.028, 6.348, 2.917, 215
0.029, 6.833, 3.15454, 215
0.03, 7.146, 3.23337, 215
0.031, 7.37, 3.34232, 215
0.032, 7.822, 3.22619, 215
0.033, 8.372, 3.84052, 215
0.034, 8.482, 3.64687, 215
0.035, 9.062, 4.51355, 215
0.036, 9.448, 4.15467, 215
0.037, 10.069, 4.23347, 215
0.038, 10.627, 5.54363, 215
0.039, 11.272, 5.1186, 215
0.04, 11.667, 5.32711, 215
0.041, 12.319, 5.70063, 215
0.042, 13.084, 6.46691, 215
0.043, 13.622, 6.13393, 215
0.044, 14.519, 7.83745, 215
0.045, 14.804, 7.39078, 215
0.046, 16.073, 8.20742, 215
0.047, 16.882, 9.62206, 215
0.048, 17.584, 10.5925, 215
0.049, 19.446, 12.4482, 215
0.05, 19.942, 11.3584, 215
0.051, 22.934, 45.4447, 215
0.052, 23.436, 37.2258, 215
0.053, 30.494, 72.5628, 215
0.054, 32.979, 87.5124, 215
0.055, 35.519, 86.715, 215
0.056, 43.211, 114.829, 215
0.057, 56.103, 147.815, 215
0.058, 56.371, 142.542, 215
0.059, 83.107, 200.805, 215
0.06, 89.454, 201.855, 215
0.061, 95.686, 207.592, 215
0.062, 130.153, 246.267, 215
0.063, 149.521, 269.074, 215
0.064, 187.836, 295.13, 215
0.065, 216.667, 312.215, 215
0.066, 240.319, 319.722, 215
0.067, 287.255, 332.658, 215
0.068, 322.632, 333.961, 215
0.069, 362.549, 328.847, 215
0.07, 389.281, 322.877, 215
0.071, 427.791, 306.633, 215
0.072, 444.4, 295.729, 215
0.073, 471.058, 267.523, 215
0.074, 508.06, 232.619, 215
0.075, 506.222, 212.154, 215
0.076, 503.704, 183.948, 215
0.077, 501.528, 166.62, 215
0.078, 482.302, 147.258, 215
0.079, 473.551, 122.52, 215
0.08, 457.412, 114.083, 215
0.081, 432.168, 95.1247, 215
0.082, 421.653, 89.8138, 215
0.083, 397.492, 79.9794, 215
0.084, 376.862, 77.0305, 215
0.085, 358.51, 66.9199, 215
0.086, 344.695, 66.9658, 215
0.087, 326.111, 62.4488, 215
0.088, 313.821, 60.322, 215
0.089, 297.445, 54.3705, 215
0.09, 283.82, 51.7036, 215
0.091, 271.372, 48.5625, 215
0.092, 258.943, 45.9655, 215
0.093, 248.39, 42.9161, 215
0.094, 241.638, 43.4182, 215
0.095, 229.656, 38.6942, 215
0.096, 220.266, 36.2955, 215
0.097, 210.346, 34.7279, 215
0.098, 204.373, 32.3333, 215
0.099, 199.299, 33.323, 215
0.1, 190.37, 30.6335, 215
0.101, 183.176, 29.441, 215
0.102, 178.265, 27.6548, 215
0.103, 174.157, 27.5673, 215
0.104, 166.585, 24.8027, 215
0.105, 162.19, 25.1668, 215
0.106, 156.127, 23.0535, 215
0.107, 151.837, 23.0935, 215
0.108, 147.389, 21.9142, 215
0.109, 144.205, 22.1293, 215
0.11, 139.855, 19.9486, 215
0.111, 135.533, 20.409, 215
0.112, 131.641, 19.0844, 215
0.113, 129.068, 18.8048, 215
0.114, 124.649, 18.4133, 215
0.115, 122.465, 17.8981, 215
0.116, 118.178, 16.9651, 215
0.117, 115.721, 16.349, 215
0.118, 113.519, 15.1415, 215
0.119, 110.37, 15.3126, 215
0.12, 108.554, 15.8483, 215
0.121, 105.403, 14.9732, 215
0.122, 102.746, 15.0577, 215
0.123, 101.156, 13.9932, 215
0.124, 98.682, 13.6781, 215
0.125, 96.878, 14.1112, 215
0.126, 94.454, 12.8964, 215
0.127, 93.042, 13.2584, 215
0.128, 90.728, 12.1742, 215
0.129, 88.654, 12.0678, 215
0.13, 87.758, 12.4442, 215
0.131, 85.109, 11.2364, 215
0.132, 83.538, 11.1437, 215
0.133, 82.234, 10.6322, 215
0.134, 80.445, 10.284, 215
0.135, 79.048, 11.0546, 215
0.136, 77.999, 10.8659, 215
0.137, 76.428, 10.0611, 215
0.138, 74.805, 9.76601, 215
0.139, 73.757, 9.9229, 215
0.14, 72.743, 9.48783, 215
0.141, 71.964, 9.88032, 215
0.142, 70.762, 9.71676, 215
0.143, 69.296, 9.07714, 215
0.144, 67.862, 8.89353, 215
0.145, 66.819, 8.82056, 215
0.146, 65.416, 8.55435, 215
0.147, 64.604, 8.1661, 215
0.148, 63.827, 8.01468, 215
0.149, 63.148, 8.19671, 215
0, 0, 0, 220
0.001, 0, 0, 220
0.002, 0.013, 0.157579, 220
0.003, 0.04, 0.261534, 220
0.004, 0.104, 0.46603, 220
0.005, 0.201, 0.616927, 220
0.006, 0.32, 0.769155, 220
0.007, 0.535, 0.945925, 220
0.008, 0.761, 1.1081, 220
0.009, 0.947, 1.1833, 220
0.01, 1.285, 1.28987, 220
0.011, 1.516, 1.38483, 220
0.012, 1.815, 1.44526, 220
0.013, 2.021, 1.3916, 220
0.014, 2.345, 1.57733, 220
0.015, 2.486, 1.45527, 220
0.016, 2.854, 1.75917, 220
0.017, 3, 1.772, 220
0.018, 3.411, 1.97081, 220
0.019, 3.617, 1.91893, 220
0.02, 3.956, 2.08424, 220
0.021, 4.08, 2.02228, 220
0.022, 4.451, 2.18714, 220
0.023, 4.699, 2.34529, 220
0.024, 5.139, 2.38405, 220
0.025, 5.475, 2.52495, 220
0.026, 5.743, 2.53711, 220
0.027, 6.074, 2.84438, 220
0.028, 6.426, 2.77858, 220
0.029, 6.864, 3.08148, 220
0.03, 7.016, 2.83544, 220
0.031, 7.547, 3.44584, 220
0.032, 8.039, 3.3576, 220
0.033, 8.404, 3.63906, 220
0.034, 8.616, 3.64397, 220
0.035, 9.233, 4.44508, 220
0.036, 9.701, 4.13299, 220
0.037, 10.44, 4.82, 220
0.038, 10.785, 4.65239, 220
0.039, 10.957, 4.86797, 220
0.04, 11.831, 5.13833, 220
0.041, 12.253, 5.532, 220
0.042, 12.931, 5.71456, 220
0.043, 13.789, 6.88712, 220
0.044, 14.051, 6.02647, 220
0.045, 15.466, 8.92227, 220
0.046, 16.073, 9.15858, 220
0.047, 17.036, 9.99053, 220
0.048, 18.789, 36.6943, 220
0.049, 20.1, 36.5984, 220
0.05, 22.341, 44.0775, 220
0.051, 24.57, 65.4358, 220
0.052, 26.218, 58.6844, 220
0.053, 32.105, 85.6185, 220
0.054, 33.454, 88.9706, 220
0.055, 41.245, 114.789, 220
0.056, 40.507, 100.868, 220
0.057, 61.205, 158.253, 220
0.058, 60.751, 152.892, 220
0.059, 78.525, 186.95, 220
0.06, 75.454, 173.471, 220
0.061, 115.708, 238.238, 220
0.062, 127.81, 250.465, 220
0.063, 151.144, 267.208, 220
0.064, 183.806, 289.367, 220
0.065, 192.408, 297.958, 220
0.066, 269.152, 338.716, 220
0.067, 285.964, 337.006, 220
0.068, 336.685, 344.686, 220
0.069, 373.62, 341.656, 220
0.07, 407.343, 322.6, 220
0.071, 451.204, 314.92, 220
0.072, 505.824, 282.408, 220
0.073, 504.247, 261.6, 220
0.074, 516.547, 238.488, 220
0.075, 519.06, 211.696, 220
0.076, 520.229, 178.238, 220
0.077, 509.374, 148.754, 220
0.078, 500.495, 133.575, 220
0.079, 488.068, 112.636, 220
0.08, 459.35, 103.564, 220
0.081, 439.999, 96.5704, 220
0.082, 417.273, 89.4599, 220
0.083, 396.629, 77.4606, 220
0.084, 377.119, 74.3531, 220
0.085, 364.086, 72.3483, 220
0.086, 340.386, 65.8094, 220
0.087, 327.764, 65.4817, 220
0.088, 312.951, 57.4587, 220
0.089, 295.903, 53.888, 220
0.09, 281.033, 51.0068, 220
0.091, 273.982, 51.258, 220
0.092, 256.717, 43.0528, 220
0.093, 251.188, 44.7328, 220
0.094, 238.066, 39.4862, 220
0.095, 230.053, 37.4442, 220
0.096, 220.881, 39.0049, 220
0.097, 213.026, 35.0929, 220
0.098, 206.369, 34.5223, 220
0.099, 197.496, 30.8042, 220
0.1, 190.185, 28.99, 220
0.101, 185.532, 28.8046, 220
0.102, 178.34, 29.3247, 220
0.103, 171.046, 25.4632, 220
0.104, 165.175, 25.4664, 220
0.105, 162.536, 24.5218, 220
0.106, 156.418, 23.3889, 220
0.107, 152.006, 22.472, 220
0.108, 148.293, 22.7862, 220
0.109, 142.864, 21.9383, 220
0.11, 139.559, 20.7348, 220
0.111, 135.295, 20.1438, 220
0.112, 132.145, 19.2847, 220
0.113, 128.586, 18.1052, 220
0.114, 125.377, 18.2823, 220
0.115, 122.356, 17.7979, 220
0.116, 118.43, 16.4725, 220
0.117, 115.723, 15.9961, 220
0.118, 113.123, 15.7799, 220
0.119, 109.878, 15.1902, 220
0.12, 107.257, 14.5877, 220
0.121, 105.99, 14.5351, 220
0.122, 103.816, 14.488, 220
0.123, 101.225, 14.4919, 220
0.124, 99.011, 13.1228, 220
0.125, 96.542, 13.2514, 220
0.126, 94.934, 13.1244, 220
0.127, 92.802, 13.2096, 220
0.128, 90.826, 12.1482, 220
0.129, 89.44, 12.4082, 220
0.13, 87.485, 11.7827, 220
0.131, 85.341, 11.2405, 220
0.132, 83.978, 10.7939, 220
0.133, 82.295, 11.4417, 220
0.134, 80.414, 10.6351, 220
0.135, 79.32, 10.7235, 220
0.136, 78.256, 10.6877, 220
0.137, 76.373, 10.0143, 220
0.138, 75.098, 9.92746, 220
0.139, 74.397, 10.4363, 220
0.14, 72.552, 9.18288, 220
0.141, 71.429, 9.31853, 220
0.142, 70.035, 8.97339, 220
0.143, 69.019, 8.96809, 220
0.144, 67.994, 9.0556, 220
0.145, 66.93, 8.71694, 220
0.146, 66.003, 8.29235, 220
0.147, 64.798, 8.21968, 220
0.148, 63.984, 8.06695, 220
0.149, 63.284, 8.31188, 220
0, 0, 0, 225
0.001, 0, 0, 225
0.002, 0.019, 0.186116, 225
0.003, 0.056, 0.329945, 225
0.004, 0.117, 0.4509, 225
0.005, 0.206, 0.612833, 225
0.006, 0.365, 0.811033, 225
0.007, 0.625, 1.0278, 225
0.008, 0.74, 1.07443, 225
0.009, 1.025, 1.23385, 225
0.01, 1.28, 1.22866, 225
0.011, 1.477, 1.28198, 225
0.012, 1.832, 1.35565, 225
0.013, 2.163, 1.52526, 225
0.014, 2.367, 1.40011, 225
0.015, 2.545, 1.44775, 225
0.016, 2.814, 1.58474, 225
0.017, 3.076, 1.79728, 225
0.018, 3.457, 1.84395, 225
0.019, 3.601, 1.85736, 225
0.02, 4.049, 2.19194, 225
0.021, 4.256, 2.08002, 225
0.022, 4.56, 2.15277, 225
0.023, 4.927, 2.2947, 225
0.024, 5.174, 2.61567, 225
0.025, 5.509, 2.61991, 225
0.026, 5.827, 2.48336, 225
0.027, 6.328, 2.96655, 225
0.028, 6.615, 2.98241, 225
0.029, 6.755, 2.84517, 225
0.03, 7.351, 3.24312, 225
0.031, 7.559, 3.37883, 225
0.032, 7.884, 3.33864, 225
0.033, 8.374, 3.64639, 225
0.034, 8.859, 4.0994, 225
0.035, 9.327, 3.77387, 225
0.036, 9.837, 3.95556, 225
0.037, 10.247, 4.46296, 225
0.038, 11.022, 4.90587, 225
0.039, 11.313, 5.01348, 225
0.04, 12.031, 6.01482, 225
0.041, 12.742, 6.19834, 225
0.042, 13.533, 7.02573, 225
0.043, 14.292, 7.35083, 225
0.044, 14.637, 7.21396, 225
0.045, 16.956, 40.2944, 225
0.046, 16.785, 9.50004, 225
0.047, 16.909, 9.17544, 225
0.048, 19.004, 13.0507, 225
0.049, 18.866, 12.1299, 225
0.05, 20.511, 11.1972, 225
0.051, 21.999, 33.4718, 225
0.052, 25.294, 46.4631, 225
0.053, 29.328, 72.3439, 225
0.054, 35.434, 97.9491, 225
0.055, 38.897, 110.99, 225
0.056, 42.665, 108.749, 225
0.057, 55.33, 145.981, 225
0.058, 52.339, 133.148, 225
0.059, 73.687, 180.713, 225
0.06, 101.761, 227.724, 225
0.061, 124.19, 254.263, 225
0.062, 144.703, 271.705, 225
0.063, 167.898, 288.529, 225
0.064, 192.887, 311.846, 225
0.065, 238.485, 332.399, 225
0.066, 276.061, 343.737, 225
0.067, 302.709, 348.978, 225
0.068, 351.452, 352.163, 225
0.069, 393.141, 346.039, 225
0.07, 457.094, 327.712, 225
0.071, 464.86, 314.983, 225
0.072, 514.832, 281.864, 225
0.073, 522.594, 255.976, 225
0.074, 547.653, 223.024, 225
0.075, 530.775, 210.12, 225
0.076, 535.401, 172.364, 225
0.077, 523.318, 148.469, 225
0.078, 505.204, 136.3, 225
0.079, 493.614, 122.164, 225
0.08, 464.417, 104.413, 225
0.081, 441.484, 98.9041, 225
0.082, 420.912, 83.833, 225
0.083, 400.037, 81.5923, 225
0.084, 384.238, 77.9238, 225
0.085, 363.718, 72.5096, 225
0.086, 342.715, 66.2151, 225
0.087, 329.698, 62.1947, 225
0.088, 310.868, 57.1117, 225
0.089, 297.163, 51.8658, 225
0.09, 281.631, 50.0143, 225
0.091, 272.009, 47.5372, 225
0.092, 257.916, 42.9123, 225
0.093, 249.078, 43.2118, 225
0.094, 238.227, 40.18, 225
0.095, 228.474, 38.7357, 225
0.096, 222.735, 36.483, 225
0.097, 213.244, 34.5979, 225
0.098, 204.558, 32.5313, 225
0.099, 198.13, 32.2276, 225
0.1, 192.541, 32.2694, 225
0.101, 184.553, 27.6852, 225
0.102, 179.552, 29.1705, 225
0.103, 172.446, 26.7285, 225
0.104, 168.437, 26.4919, 225
0.105, 161.741, 25.3177, 225
0.106, 157.415, 23.4387, 225
0.107, 153.177, 23.325, 225
0.108, 146.898, 21.5992, 225
0.109, 144.668, 21.521, 225
0.11, 138.972, 19.4683, 225
0.111, 136.342, 21.0145, 225
0.112, 131.767, 18.7666, 225
0.113, 129.276, 18.4029, 225
0.114, 125.436, 18.474, 225
0.115, 122.132, 17.7466, 225
0.116, 118.8, 16.7663, 225
0.117, 116.228, 16.285, 225
0.118, 112.57, 15.4686, 225
0.119, 111.462, 16.2942, 225
0.12, 108.504, 15.1642, 225
0.121, 105.213, 14.8595, 225
0.122, 103.201, 15.6065, 225
0.123, 100.661, 13.3122, 225
0.124, 99.009, 13.9374, 225
0.125, 97.093, 13.7241, 225
0.126, 95.156, 12.7367, 225
0.127, 92.951, 12.9247, 225
0.128, 91.278, 12.1168, 225
0.129, 88.782, 11.5285, 225
0.13, 87.653, 12.3303, 225
0.131, 85.421, 11.6706, 225
0.132, 83.889, 11.0921, 225
0.133, 82.291, 10.9187, 225
0.134, 80.933, 10.3093, 225
0.135, 79.182, 10.0671, 225
0.136, 78.089, 10.3035, 225
0.137, 76.715, 10.2199, 225
0.138, 75.614, 9.71303, 225
0.139, 74.031, 9.89798, 225
0.14, 72.442, 9.0007, 225
0.141, 71.531, 8.9574, 225
0.142, 70.634, 9.4842, 225
0.143, 69.263, 8.73452, 225
0.144, 68.074, 9.17663, 225
0.145, 67.25, 8.78109, 225
0.146, 65.851, 8.7082, 225
0.147, 65.038, 8.46467, 225
0.148, 63.975, 8.4359, 225
0.149, 63.105, 8.0389, 225
0, 0, 0, 230
0.001, 0, 0, 230
0.002, 0.012, 0.147838, 230
0.003, 0.048, 0.292739, 230
0.004, 0.103, 0.424725, 230
0.005, 0.229, 0.65617, 230
0.006, 0.376, 0.83464, 230
0.007, 0.574, 0.986166, 230
0.008, 0.758, 1.13201, 230
0.009, 1.006, 1.15843, 230
0.01, 1.307, 1.35009, 230
0.011, 1.552, 1.30127, 230
0.012, 1.871, 1.40156, 230
0.013, 2.176, 1.45637, 230
0.014, 2.43, 1.55342, 230
0.015, 2.697, 1.58467, 230
0.016, 2.899, 1.67714, 230
0.017, 3.168, 1.73083, 230
0.018, 3.499, 1.88467, 230
0.019, 3.703, 2.05883, 230
0.02, 4.027, 1.91318, 230
0.021, 4.438, 2.21814, 230
0.022, 4.582, 2.15483, 230
0.023, 5.085, 2.28818, 230
0.024, 5.23, 2.41849, 230
0.025, 5.735, 2.58781, 230
0.026, 5.916, 2.50618, 230
0.027, 6.165, 2.67465, 230
0.028, 6.55, 2.711, 230
0.029, 6.953, 3.03954, 230
0.03, 7.58, 3.62569, 230
0.031, 7.721, 3.1958, 230
0.032, 8.307, 3.72944, 230
0.033, 8.562, 3.59752, 230
0.034, 9.066, 4.16697, 230
0.035, 9.789, 4.47018, 230
0.036, 10.22, 4.85547, 230
0.037, 10.47, 4.70692, 230
0.038, 10.863, 4.96973, 230
0.039, 11.488, 5.00598, 230
0.04, 12.394, 5.856, 230
0.041, 12.819, 5.95015, 230
0.042, 13.574, 7.06021, 230
0.043, 14.139, 6.92255, 230
0.044, 15.112, 7.70671, 230
0.045, 15.949, 9.01523, 230
0.046, 16.837, 8.69934, 230
0.047, 18.495, 34.2905, 230
0.048, 19.684, 33.9399, 230
0.049, 22.727, 61.2832, 230
0.05, 21.651, 35.2648, 230
0.051, 22.73, 15.7488, 230
0.052, 29.694, 76.4162, 230
0.053, 34.374, 100.071, 230
0.054, 31.656, 74.1717, 230
0.055, 41.224, 114.075, 230
0.056, 48.469, 127.525, 230
0.057, 59.676, 163.033, 230
0.058, 72.374, 182.494, 230
0.059, 75.592, 183.791, 230
0.06, 108.451, 238.255, 230
0.061, 137.438, 270.911, 230
0.062, 118.127, 240.116, 230
0.063, 174.685, 296.942, 230
0.064, 198.736, 315.066, 230
0.065, 231.43, 329.5, 230
0.066, 290.425, 352.385, 230
0.067, 318.075, 355.592, 230
0.068, 394.123, 358.435, 230
0.069, 404.551, 354.027, 230
0.07, 467.059, 336.525, 230
0.071, 491.671, 312.357, 230
0.072, 502.912, 295.743, 230
0.073, 529.166, 263.91, 230
0.074, 530.395, 232.939, 230
0.075, 534.037, 208.067, 230
0.076, 540.071, 174.499, 230
0.077, 527.131, 147.621, 230
0.078, 514.55, 124.163, 230
0.079, 493.033, 120.929, 230
0.08, 472.461, 103.847, 230
0.081, 447.381, 98.6411, 230
0.082, 424.271, 86.6688, 230
0.083, 404.097, 79.1016, 230
0.084, 378.152, 76.7468, 230
0.085, 362.105, 70.9973, 230
0.086, 339.517, 63.745, 230
0.087, 327.047, 61.2143, 230
0.088, 311.093, 56.3283, 230
0.089, 296.342, 53.4143, 230
0.09, 286.42, 52.7178, 230
0.091, 272.775, 49.0232, 230
0.092, 261.769, 44.9611, 230
0.093, 248.029, 40.917, 230
0.094, 240.067, 41.0336, 230
0.095, 230.193, 37.6855, 230
0.096, 219.589, 36.5337, 230
0.097, 214.252, 35.2045, 230
0.098, 205.384, 32.5747, 230
0.099, 198.603, 31.7859, 230
0.1, 191.58, 30.1329, 230
0.101, 183.606, 27.9386, 230
0.102, 178.981, 26.9185, 230
0.103, 171.48, 25.9817, 230
0.104, 167.372, 24.8918, 230
0.105, 161.038, 24.5088, 230
0.106, 156.077, 22.7862, 230
0.107, 152.956, 22.2271, 230
0.108, 147.949, 21.4407, 230
0.109, 144.377, 21.3885, 230
0.11, 138.851, 19.732, 230
0.111, 136.336, 19.9956, 230
0.112, 132.72, 18.8845, 230
0.113, 128.793, 19.2712, 230
0.114, 124.528, 18.1965, 230
0.115, 122.498, 17.8442, 230
0.116, 118.994, 17.4613, 230
0.117, 116.986, 16.8895, 230
0.118, 114.084, 15.3147, 230
0.119, 110.783, 14.7585, 230
0.12, 108.149, 15.8325, 230
0.121, 106.524, 14.9208, 230
0.122, 104.02, 14.3095, 230
0.123, 101.492, 13.4515, 230
0.124, 98.939, 12.9452, 230
0.125, 96.457, 13.1214, 230
0.126, 94.513, 12.6906, 230
0.127, 93.619, 13.513, 230
0.128, 90.951, 12.0358, 230
0.129, 89.329, 12.0649, 230
0.13, 87.785, 12.0647, 230
0.131, 85.702, 11.215, 230
0.132, 84.163, 11.1995, 230
0.133, 82.075, 10.5862, 230
0.134, 80.797, 10.867, 230
0.135, 79.353, 10.2399, 230
0.136, 77.731, 10.1982, 230
0.137, 76.579, 10.2207, 230
0.138, 75.097, 10.2395, 230
0.139, 73.863, 9.75634, 230
0.14, 72.914, 9.79523, 230
0.141, 71.591, 9.15171, 230
0.142, 70.516, 9.14788, 230
0.143, 68.965, 8.57472, 230
0.144, 68.561, 9.30464, 230
0.145, 67.352, 8.80682, 230
0.146, 66.387, 8.60983, 230
0.147, 64.749, 7.87223, 230
0.148, 63.872, 8.33208, 230
0.149, 63.444, 8.18919, 230
0, 0, 0, 235
0.001, 0.004, 0.0893532, 235
0.002, 0.022, 0.198786, 235
0.003, 0.06, 0.349857, 235
0.004, 0.128, 0.479183, 235
0.005, 0.179, 0.578756, 235
0.006, 0.402, 0.819998, 235
0.007, 0.55, 0.985647, 235
0.008, 0.779, 1.13761, 235
0.009, 1.027, 1.1757, 235
0.01, 1.33, 1.24784, 235
0.011, 1.623, 1.29494, 235
0.012, 1.905, 1.30766, 235
0.013, 2.128, 1.40343, 235
0.014, 2.45, 1.58035, 235
0.015, 2.685, 1.51782, 235
0.016, 3.052, 1.74737, 235
0.017, 3.181, 1.72344, 235
0.018, 3.566, 1.90148, 235
0.019, 3.812, 1.96689, 235
0.02, 4.05, 1.90407, 235
0.021, 4.338, 2.03021, 235
0.022, 4.709, 2.14996, 235
0.023, 5.047, 2.39474, 235
0.024, 5.344, 2.40783, 235
0.025, 5.721, 2.50343, 235
0.026, 5.983, 2.56412, 235
0.027, 6.405, 2.61247, 235
0.028, 6.602, 2.58449, 235
0.029, 7.04, 3.10908, 235
0.03, 7.7, 3.64225, 235
0.031, 7.959, 3.7255, 235
0.032, 8.379, 3.6717, 235
0.033, 8.812, 3.75322, 235
0.034, 9.175, 3.81607, 235
0.035, 9.755, 4.46844, 235
0.036, 10.019, 4.28516, 235
0.037, 10.523, 4.73344, 235
0.038, 10.95, 4.31804, 235
0.039, 11.875, 5.47717, 235
0.04, 12.617, 6.62664, 235
0.041, 12.769, 5.38829, 235
0.042, 13.68, 6.69235, 235
0.043, 14.451, 7.46214, 235
0.044, 15.256, 8.80684, 235
0.045, 16.528, 11.6883, 235
0.046, 16.847, 8.78667, 235
0.047, 17.725, 9.87995, 235
0.048, 18.734, 9.79588, 235
0.049, 22.28, 46.0554, 235
0.05, 23.419, 49.1782, 235
0.051, 25.82, 60.5637, 235
0.052, 25.446, 32.3365, 235
0.053, 29.621, 65.3738, 235
0.054, 38.391, 108.731, 235
0.055, 42.828, 116.255, 235
0.056, 51.798, 145.442, 235
0.057, 59.344, 155.396, 235
0.058, 62.332, 159.943, 235
0.059, 89.139, 211.75, 235
0.06, 107.743, 241.336, 235
0.061, 145.095, 279.911, 235
0.062, 152.942, 280.738, 235
0.063, 189.544, 313.395, 235
0.064, 197.952, 316.628, 235
0.065, 247.664, 346.681, 235
0.066, 300.589, 367.848, 235
0.067, 363.454, 374.461, 235
0.068, 402.148, 372.71, 235
0.069, 415.598, 357.562, 235
0.07, 461.212, 345.37, 235
0.071, 502.259, 314.808, 235
0.072, 522.112, 292.985, 235
0.073, 556.196, 254.113, 235
0.074, 563.539, 221.723, 235
0.075, 558.133, 199.321, 235
0.076, 541.563, 174.311, 235
0.077, 526.284, 152.388, 235
0.078, 520.527, 127.373, 235
0.079, 495.256, 121.013, 235
0.08, 469.104, 102.913, 235
0.081, 452.525, 92.9907, 235
0.082, 425.871, 88.2182, 235
0.083, 404.413, 81.9361, 235
0.084, 380.057, 75.961, 235
0.085, 360.864, 67.2623, 235
0.086, 347.112, 65.9064, 235
0.087, 329.397, 61.6761, 235
0.088, 310.77, 56.4311, 235
0.089, 300.065, 55.0953, 235
0.09, 286.534, 50.0678, 235
0.091, 273.266, 47.2574, 235
0.092, 261.037, 44.4132, 235
0.093, 251.476, 42.5236, 235
0.094, 240.891, 40.3014, 235
0.095, 230.992, 38.6832, 235
0.096, 222.734, 38.1188, 235
0.097, 212.646, 34.1164, 235
0.098, 207.199, 33.0968, 235
0.099, 200.259, 31.9521, 235
0.1, 191.338, 30.0721, 235
0.101, 185.159, 29.4135, 235
0.102, 179.429, 28.078, 235
0.103, 173.24, 25.7548, 235
0.104, 166.015, 24.5096, 235
0.105, 161.537, 23.3581, 235
0.106, 157.895, 24.1847, 235
0.107, 152.388, 22.127, 235
0.108, 148.328, 21.9087, 235
0.109, 143.837, 21.7498, 235
0.11, 139.867, 21.0224, 235
0.111, 135.568, 19.0428, 235
0.112, 132.905, 17.788, 235
0.113, 128.225, 18.2218, 235
0.114, 126.346, 18.0442, 235
0.115, 122.604, 17.8414, 235
0.116, 120.295, 17.2241, 235
0.117, 116.282, 15.8153, 235
0.118, 113.744, 15.5204, 235
0.119, 110.399, 14.4148, 235
0.12, 108.513, 14.256, 235
0.121, 105.632, 14.2814, 235
0.122, 103.689, 14.1569, 235
0.123, 100.562, 13.2231, 235
0.124, 99.405, 13.1199, 235
0.125, 97.695, 13.0252, 235
0.126, 94.818, 12.5601, 235
0.127, 93.419, 12.7516, 235
0.128, 91.266, 11.9645, 235
0.129, 89.036, 11.7742, 235
0.13, 87.749, 11.7294, 235
0.131, 85.226, 11.1464, 235
0.132, 83.993, 10.4716, 235
0.133, 83.486, 10.4647, 235
0.134, 81.365, 10.9553, 235
0.135, 79.596, 10.3908, 235
0.136, 78.261, 10.6535, 235
0.137, 76.531, 9.60453, 235
0.138, 75.264, 9.81276, 235
0.139, 73.885, 9.12797, 235
0.14, 73.413, 9.96556, 235
0.141, 71.789, 9.3963, 235
0.142, 70.804, 9.19791, 235
0.143, 69.977, 9.00458, 235
0.144, 68.422, 9.19162, 235
0.145, 67.402, 8.92303, 235
0.146, 65.799, 7.85866, 235
0.147, 65.073, 8.5873, 235
0.148, 64.42, 8.42055, 235
0.149, 62.932, 7.92372, 235
0, 0, 0, 240
0.001, 0.004, 0.0893532, 240
0.002, 0.01, 0.141067, 240
0.003, 0.066, 0.354463, 240
0.004, 0.132, 0.486391, 240
0.005, 0.245, 0.670056, 240
0.006, 0.401, 0.839166, 240
0.007, 0.564, 0.934828, 240
0.008, 0.779, 1.10642, 240
0.009, 1.093, 1.19011, 240
0.01, 1.314, 1.25036, 240
0.011, 1.711, 1.44273, 240
0.012, 1.984, 1.46756, 240
0.013, 2.175, 1.42982, 240
0.014, 2.413, 1.38507, 240
0.015, 2.761, 1.54851, 240
0.016, 3.015, 1.60274, 240
0.017, 3.218, 1.75342, 240
0.018, 3.47, 1.70444, 240
0.019, 3.739, 2.0496, 240
0.02, 4.132, 2.06169, 240
0.021, 4.378, 2.0912, 240
0.022, 4.605, 1.95012, 240
0.023, 5.113, 2.48721, 240
0.024, 5.422, 2.45274, 240
0.025, 5.759, 2.47567, 240
0.026, 6.178, 2.80148, 240
0.027, 6.51, 2.80925, 240
0.028, 6.748, 3.21815, 240
0.029, 7.26, 3.33203, 240
0.03, 7.607, 3.21007, 240
0.031, 7.95, 3.56532, 240
0.032, 8.468, 3.59819, 240
0.033, 8.8, 4.02144, 240
0.034, 9.247, 4.15476, 240
0.035, 9.788, 4.23852, 240
0.036, 10.465, 4.49163, 240
0.037, 10.6, 4.46027, 240
0.038, 11.614, 6.76676, 240
0.039, 11.751, 4.92778, 240
0.04, 12.27, 5.92192, 240
0.041, 13.14, 5.94175, 240
0.042, 13.905, 7.36967, 240
0.043, 14.086, 6.71957, 240
0.044, 15.627, 7.26098, 240
0.045, 16.565, 10.2216, 240
0.046, 17.29, 9.59531, 240
0.047, 17.513, 9.75437, 240
0.048, 20.766, 37.0484, 240
0.049, 22.04, 40.0201, 240
0.05, 23.511, 49.2001, 240
0.051, 24.023, 43.8349, 240
0.052, 31.648, 98.9972, 240
0.053, 31.448, 75.2512, 240
0.054, 37.907, 105.637, 240
0.055, 37.825, 94.5633, 240
0.056, 45.452, 121.344, 240
0.057, 56.529, 150.477, 240
0.058, 67.09, 168.983, 240
0.059, 93.62, 220.37, 240
0.06, 116.813, 253.041, 240
0.061, 132.98, 266.754, 240
0.062, 164.505, 300.578, 240
0.063, 203.301, 331.028, 240
0.064, 222.326, 336.57, 240
0.065, 262.761, 356.074, 240
0.066, 323.566, 369.533, 240
0.067, 348.67, 374.81, 240
0.068, 409.902, 373.961, 240
0.069, 454.799, 367.236, 240
0.07, 480.708, 345.815, 240
0.071, 510.379, 325.578, 240
0.072, 534.965, 300.453, 240
0.073, 568.97, 250.682, 240
0.074, 571.99, 221.301, 240
0.075, 566.723, 193.235, 240
0.076, 561.687, 173.865, 240
0.077, 544.562, 142.241, 240
0.078, 526.51, 126.183, 240
0.079, 501.326, 115.852, 240
0.08, 480.154, 102.533, 240
0.081, 446.547, 96.9416, 240
0.082, 433.068, 91.2048, 240
0.083, 401.922, 81.9726, 240
0.084, 384.172, 75.6938, 240
0.085, 368.271, 69.302, 240
0.086, 344.382, 65.6811, 240
0.087, 326.353, 61.1252, 240
0.088, 314.136, 55.4567, 240
0.089, 296.36, 51.549, 240
0.09, 286.587, 51.1905, 240
0.091, 275.422, 50.2016, 240
0.092, 261.544, 44.0401, 240
0.093, 252.442, 43.314, 240
0.094, 241.844, 40.6573, 240
0.095, 231.104, 38.7497, 240
0.096, 223.232, 35.6491, 240
0.097, 214.491, 33.6448, 240
0.098, 205.694, 31.2094, 240
0.099, 201.342, 32.4373, 240
0.1, 190.964, 30.6512, 240
0.101, 185.278, 28.1581, 240
0.102, 180.283, 28.8048, 240
0.103, 172.672, 26.0131, 240
0.104, 166.527, 24.7874, 240
0.105, 161.874, 23.2682, 240
0.106, 157.117, 22.5626, 240
0.107, 153.696, 22.8766, 240
0.108, 148.181, 21.5702, 240
0.109, 144.974, 21.9274, 240
0.11, 139.846, 19.8302, 240
0.111, 136.887, 19.9725, 240
0.112, 133.507, 18.4842, 240
0.113, 127.217, 16.7558, 240
0.114, 125.229, 17.9015, 240
0.115, 123.357, 17.5156, 240
0.116, 120.295, 16.7837, 240
0.117, 115.332, 15.6615, 240
0.118, 113.394, 15.377, 240
0.119, 111.071, 15.0392, 240
0.12, 109.417, 15.1995, 240
0.121, 106.355, 14.6791, 240
0.122, 102.994, 13.5838, 240
0.123, 101.477, 13.535, 240
0.124, 98.843, 12.9613, 240
0.125, 97.736, 13.1362, 240
0.126, 95.324, 12.3345, 240
0.127, 93.335, 12.4972, 240
0.128, 91.769, 12.4645, 240
0.129, 89.32, 11.7511, 240
0.13, 87.746, 11.6778, 240
0.131, 85.922, 11.4869, 240
0.132, 84.426, 11.2311, 240
0.133, 82.799, 10.3226, 240
0.134, 80.886, 10.2235, 240
0.135, 79.838, 10.3862, 240
0.136, 78.682, 10.2882, 240
0.137, 76.841, 9.7323, 240
0.138, 75.451, 10.0728, 240
0.139, 74.667, 10.0481, 240
0.14, 73.095, 9.31826, 240
0.141, 72.107, 9.19051, 240
0.142, 70.611, 9.05371, 240
0.143, 69.824, 8.79835, 240
0.144, 68.588, 8.9026, 240
0.145, 67.385, 8.37943, 240
0.146, 66.591, 8.29191, 240
0.147, 65.245, 8.08053, 240
0.148, 64.207, 8.59966, 240
0.149, 63.674, 8.02469, 240
0, 0, 0, 245
0.001, 0.005, 0.0947365, 245
0.002, 0.01, 0.126095, 245
0.003, 0.054, 0.330279, 245
0.004, 0.137, 0.529368, 245
0.005, 0.216, 0.623974, 245
0.006, 0.356, 0.770236, 245
0.007, 0.547, 0.968396, 245
0.008, 0.845, 1.10769, 245
0.009, 1.163, 1.30093, 245
0.01, 1.361, 1.33142, 245
0.011, 1.776, 1.44424, 245
0.012, 1.983, 1.40168, 245
0.013, 2.262, 1.38469, 245
0.014, 2.615, 1.55524, 245
0.015, 2.784, 1.61906, 245
0.016, 3.026, 1.81089, 245
0.017, 3.379, 1.79203, 245
0.018, 3.675, 2.02469, 245
0.019, 3.915, 1.88621, 245
0.02, 4.253, 2.28451, 245
0.021, 4.448, 2.07637, 245
0.022, 4.667, 1.99502, 245
0.023, 5.33, 2.43086, 245
0.024, 5.398, 2.28377, 245
0.025, 5.724, 2.50196, 245
0.026, 6.248, 2.96285, 245
0.027, 6.5, 2.80642, 245
0.028, 6.864, 2.87567, 245
0.029, 7.199, 3.10474, 245
0.03, 7.423, 3.04074, 245
0.031, 8.139, 3.30691, 245
0.032, 8.345, 3.51169, 245
0.033, 8.901, 3.90425, 245
0.034, 9.662, 4.47345, 245
0.035, 9.838, 4.19282, 245
0.036, 10.482, 4.56286, 245
0.037, 11.032, 4.86014, 245
0.038, 11.549, 5.10682, 245
0.039, 12.177, 5.83624, 245
0.04, 12.524, 5.78407, 245
0.041, 13.603, 6.80128, 245
0.042, 14.015, 6.05878, 245
0.043, 14.727, 6.51264, 245
0.044, 15.555, 7.68537, 245
0.045, 15.968, 7.58465, 245
0.046, 17.863, 15.3972, 245
0.047, 19.252, 11.4319, 245
0.048, 19.881, 12.3859, 245
0.049, 22.426, 42.9286, 245
0.05, 21.28, 12.8801, 245
0.051, 25.569, 54.2234, 245
0.052, 30.078, 74.7206, 245
0.053, 28.906, 66.7987, 245
0.054, 33.196, 80.3312, 245
0.055, 45.077, 119.746, 245
0.056, 50.547, 136.734, 245
0.057, 70.916, 187.216, 245
0.058, 70.137, 179.276, 245
0.059, 86.94, 209.974, 245
0.06, 108.865, 246.007, 245
0.061, 145.598, 285.123, 245
0.062, 168.438, 304.972, 245
0.063, 207.124, 334.796, 245
0.064, 229.901, 347.943, 245
0.065, 288.807, 371.421, 245
0.066, 340.109, 389.128, 245
0.067, 375.646, 379.09, 245
0.068, 445.399, 378.416, 245
0.069, 474.974, 369.528, 245
0.07, 512.095, 341.334, 245
0.071, 540.914, 315.791, 245
0.072, 566.932, 286.987, 245
0.073, 589.431, 249.987, 245
0.074, 569.345, 221.375, 245
0.075, 580.681, 182.368, 245
0.076, 563.492, 167.194, 245
0.077, 544.533, 137.441, 245
0.078, 522.376, 128.534, 245
0.079, 502.018, 110.215, 245
0.08, 476.465, 99.4476, 245
0.081, 454.66, 93.538, 245
0.082, 426.209, 85.5859, 245
0.083, 407.639, 80.4146, 245
0.084, 385.11, 74.9971, 245
0.085, 368.522, 68.7133, 245
0.086, 347.787, 65.0854, 245
0.087, 332.638, 61.7793, 245
0.088, 315.759, 59.3288, 245
0.089, 297.577, 53.1557, 245
0.09, 285.79, 52.7173, 245
0.091, 275.25, 49.6001, 245
0.092, 262.463, 45.2477, 245
0.093, 254.184, 43.2375, 245
0.094, 241.692, 40.5489, 245
0.095, 230.312, 38.4748, 245
0.096, 222.303, 35.2859, 245
0.097, 216.289, 34.0208, 245
0.098, 205.316, 32.3203, 245
0.099, 200.457, 32.7358, 245
0.1, 192.672, 28.6983, 245
0.101, 184.686, 27.75, 245
0.102, 180.17, 26.8404, 245
0.103, 174.417, 26.2808, 245
0.104, 168.488, 26.2212, 245
0.105, 162.123, 23.8267, 245
0.106, 157.706, 22.6699, 245
0.107, 153.553, 21.3417, 245
0.108, 148.315, 20.9363, 245
0.109, 145.447, 20.9324, 245
0.11, 140.453, 18.8592, 245
0.111, 137.086, 18.6954, 245
0.112, 132.947, 18.7234, 245
0.113, 129.149, 18.1096, 245
0.114, 126, 17.3259, 245
0.115, 121.984, 16.2097, 245
0.116, 119.61, 16.5828, 245
0.117, 116.728, 16.442, 245
0.118, 113.904, 15.4409, 245
0.119, 111.005, 15.4756, 245
0.12, 108.617, 14.0583, 245
0.121, 105.79, 13.9573, 245
0.122, 103.313, 13.7815, 245
0.123, 101.296, 13.5871, 245
0.124, 99.016, 13.4806, 245
0.125, 97.113, 13.2777, 245
0.126, 95.19, 12.0164, 245
0.127, 93.731, 12.509, 245
0.128, 91.825, 12.2402, 245
0.129, 89.267, 12.2411, 245
0.13, 87.798, 11.513, 245
0.131, 85.957, 10.7484, 245
0.132, 84.543, 11.0762, 245
0.133, 82.498, 10.706, 245
0.134, 81.581, 10.9054, 245
0.135, 80.115, 10.3618, 245
0.136, 78.095, 9.98459, 245
0.137, 76.891, 10.2485, 245
0.138, 76.041, 9.74953, 245
0.139, 74.429, 9.51057, 245
0.14, 73.386, 9.64391, 245
0.141, 72.177, 9.38518, 245
0.142, 70.722, 9.05377, 245
0.143, 69.452, 8.81372, 245
0.144, 68.751, 8.8914, 245
0.145, 67.13, 8.4053, 245
0.146, 66.45, 8.7282, 245
0.147, 65.521, 8.47405, 245
0.148, 64.445, 8.31474, 245
0.149, 63.852, 8.3201, 245
0, 0, 0, 250
0.001, 0, 0, 250
0.002, 0.025, 0.215349, 250
0.003, 0.05, 0.299166, 250
0.004, 0.149, 0.552086, 250
0.005, 0.232, 0.664963, 250
0.006, 0.443, 0.873356, 250
0.007, 0.614, 0.983364, 250
0.008, 0.875, 1.13815, 250
0.009, 1.184, 1.21332, 250
0.01, 1.476, 1.27649, 250
0.011, 1.707, 1.43009, 250
0.012, 2.023, 1.35073, 250
0.013, 2.321, 1.41561, 250
0.014, 2.639, 1.5927, 250
0.015, 2.892, 1.65419, 250
0.016, 3.126, 1.71176, 250
0.017, 3.338, 1.70931, 250
0.018, 3.711, 1.95179, 250
0.019, 3.927, 2.00341, 250
0.02, 4.304, 2.09704, 250
0.021, 4.562, 2.00752, 250
0.022, 4.864, 2.08171, 250
0.023, 5.155, 2.28144, 250
0.024, 5.661, 2.68925, 250
0.025, 5.844, 2.43755, 250
0.026, 6.275, 2.72238, 250
0.027, 6.858, 3.10899, 250
0.028, 6.815, 2.81758, 250
0.029, 7.326, 2.92741, 250
0.03, 7.671, 3.13253, 250
0.031, 8.121, 3.38147, 250
0.032, 8.529, 3.46687, 250
0.033, 9.314, 4.20255, 250
0.034, 9.534, 3.97654, 250
0.035, 10.09, 4.38268, 250
0.036, 10.596, 5.27302, 250
0.037, 10.978, 4.99014, 250
0.038, 11.79, 5.18014, 250
0.039, 12.169, 5.84999, 250
0.04, 12.685, 5.76158, 250
0.041, 13.38, 6.3117, 250
0.042, 13.915, 6.02427, 250
0.043, 14.849, 6.97354, 250
0.044, 15.995, 9.17927, 250
0.045, 16.498, 7.87083, 250
0.046, 19.255, 42.123, 250
0.047, 18.175, 9.86947, 250
0.048, 24.307, 78.6165, 250
0.049, 22.862, 50.9149, 250
0.05, 23.069, 35.1085, 250
0.051, 26.582, 60.1187, 250
0.052, 30.834, 78.5304, 250
0.053, 40.918, 126.316, 250
0.054, 44.929, 132.718, 250
0.055, 46.364, 120.155, 250
0.056, 51.5, 137.413, 250
0.057, 66.452, 176.188, 250
0.058, 85.647, 213.248, 250
0.059, 103.979, 243.067, 250
0.06, 126.876, 271.698, 250
0.061, 138.415, 279.413, 250
0.062, 171.554, 310.672, 250
0.063, 220.498, 351.205, 250
0.064, 267.638, 371.5, 250
0.065, 290.844, 377.148, 250
0.066, 352.381, 394.288, 250
0.067, 417.956, 397.99, 250
0.068, 445.196, 394.159, 250
0.069, 489.898, 375.434, 250
0.07, 521.431, 351.66, 250
0.071, 566.676, 323.742, 250
0.072, 583.879, 284.752, 250
0.073, 586.302, 256.252, 250
0.074, 601.353, 212.067, 250
0.075, 578.246, 190.319, 250
0.076, 566.628, 166.767, 250
0.077, 553.951, 142.627, 250
0.078, 529.356, 126.688, 250
0.079, 505.394, 113.09, 250
0.08, 476.118, 96.6302, 250
0.081, 453.119, 92.2992, 250
0.082, 428.351, 83.7387, 250
0.083, 403.81, 76.7212, 250
0.084, 388.035, 76.2512, 250
0.085, 367.502, 70.1721, 250
0.086, 348.613, 65.4197, 250
0.087, 330.191, 61.2665, 250
0.088, 316.43, 56.2182, 250
0.089, 300.917, 54.5501, 250
0.09, 287.148, 50.8226, 250
0.091, 274.223, 45.8602, 250
0.092, 265.293, 45.7111, 250
0.093, 251.955, 41.2153, 250
0.094, 242.825, 40.7241, 250
0.095, 232.708, 37.7529, 250
0.096, 222.784, 35.248, 250
0.097, 213.754, 33.213, 250
0.098, 208.167, 32.724, 250
0.099, 198.779, 30.7833, 250
0.1, 195.312, 30.1741, 250
0.101, 185.843, 27.7938, 250
0.102, 180.38, 26.2381, 250
0.103, 173.916, 26.0432, 250
0.104, 168.464, 24.7167, 250
0.105, 161.954, 23.7256, 250
0.106, 158.794, 22.8727, 250
0.107, 152.999, 21.7877, 250
0.108, 148.23, 21.6385, 250
0.109, 143.315, 19.6287, 250
0.11, 140.218, 20.0875, 250
0.111, 135.879, 18.1956, 250
0.112, 133.294, 18.131, 250
0.113, 129.348, 18.5176, 250
0.114, 126.565, 18.0592, 250
0.115, 122.417, 16.4064, 250
0.116, 120.212, 16.6821, 250
0.117, 117.14, 15.264, 250
0.118, 113.562, 14.615, 250
0.119, 110.95, 14.3838, 250
0.12, 108.673, 14.4305, 250
0.121, 106.186, 13.8583, 250
0.122, 104.369, 13.8986, 250
0.123, 101.395, 12.6653, 250
0.124, 99.111, 13.6069, 250
0.125, 97.325, 12.646, 250
0.126, 94.969, 12.1741, 250
0.127, 94.297, 13.0953, 250
0.128, 91.757, 12.4445, 250
0.129, 89.121, 11.0841, 250
0.13, 88.496, 11.5037, 250
0.131, 85.643, 10.7645, 250
0.132, 84.193, 10.4155, 250
0.133, 83.302, 11.0831, 250
0.134, 81.412, 10.2402, 250
0.135, 80.047, 9.71086, 250
0.136, 78.304, 10.0435, 250
0.137, 76.941, 9.98937, 250
0.138, 76.121, 9.6962, 250
0.139, 74.777, 9.71253, 250
0.14, 72.617, 8.80445, 250
0.141, 72.325, 9.50649, 250
0.142, 70.836, 8.31174, 250
0.143, 69.839, 8.77548, 250
0.144, 68.877, 8.5823, 250
0.145, 67.474, 8.50854, 250
0.146, 66.89, 8.58428, 250
0.147, 65.168, 8.38223, 250
0.148, 64.301, 8.31086, 250
0.149, 63.37, 8.14807, 250
0, 0, 0, 255
0.001, 0.002, 0.0632139, 255
0.002, 0.011, 0.144496, 255
0.003, 0.057, 0.328254, 255
0.004, 0.145, 0.493938, 255
0.005, 0.251, 0.667832, 255
0.006, 0.477, 0.893012, 255
0.007, 0.642, 1.01185, 255
0.008, 0.921, 1.181, 255
0.009, 1.164, 1.16495, 255
0.01, 1.468, 1.31338, 255
0.011, 1.866, 1.37042, 255
0.012, 2.042, 1.35138, 255
0.013, 2.359, 1.47855, 255
0.014, 2.536, 1.5801, 255
0.015, 2.994, 1.63828, 255
0.016, 3.196, 1.7034, 255
0.017, 3.404, 1.80798, 255
0.018, 3.674, 1.93487, 255
0.019, 3.986, 1.96005, 255
0.02, 4.365, 1.98337, 255
0.021, 4.587, 2.12942, 255
0.022, 4.873, 2.13889, 255
0.023, 5.315, 2.40162, 255
0.024, 5.619, 2.43964, 255
0.025, 5.871, 2.55819, 255
0.026, 6.436, 2.78781, 255
0.027, 6.884, 3.27361, 255
0.028, 7.027, 2.90246, 255
0.029, 7.399, 3.09189, 255
0.03, 7.928, 3.21727, 255
0.031, 8.214, 3.44764, 255
0.032, 8.499, 3.48941, 255
0.033, 8.962, 3.77843, 255
0.034, 9.548, 4.05952, 255
0.035, 9.949, 3.92765, 255
0.036, 10.579, 4.61733, 255
0.037, 11.219, 4.74921, 255
0.038, 11.568, 4.86841, 255
0.039, 12.51, 5.92485, 255
0.04, 12.884, 5.97231, 255
0.041, 13.517, 5.78011, 255
0.042, 14.682, 7.4421, 255
0.043, 15.616, 7.56958, 255
0.044, 15.988, 7.42926, 255
0.045, 16.909, 8.91822, 255
0.046, 17.349, 8.20885, 255
0.047, 20.36, 41.4405, 255
0.048, 20.864, 18.7675, 255
0.049, 21.346, 11.3678, 255
0.05, 26.17, 67.2293, 255
0.051, 24.114, 14.2533, 255
0.052, 30.309, 73.4211, 255
0.053, 39.247, 117.237, 255
0.054, 41.29, 107.371, 255
0.055, 46.402, 125.939, 255
0.056, 64.858, 184.44, 255
0.057, 71.705, 189.859, 255
0.058, 92.306, 228.841, 255
0.059, 87.624, 213.981, 255
0.06, 127.226, 271.725, 255
0.061, 153.541, 299.111, 255
0.062, 169.648, 312.388, 255
0.063, 236.573, 361.738, 255
0.064, 238.465, 351.721, 255
0.065, 324.016, 394.148, 255
0.066, 354.057, 400.874, 255
0.067, 394.893, 396.944, 255
0.068, 461.614, 393.265, 255
0.069, 496.83, 377.286, 255
0.07, 557.218, 343.752, 255
0.071, 579.83, 321.538, 255
0.072, 599.229, 273.766, 255
0.073, 615.358, 250.601, 255
0.074, 609.832, 216.338, 255
0.075, 597.634, 186.767, 255
0.076, 579.926, 155.911, 255
0.077, 561.991, 137.176, 255
0.078, 539.543, 125.966, 255
0.079, 506.143, 110.563, 255
0.08, 485.584, 103.743, 255
0.081, 454.755, 92.8887, 255
0.082, 427.838, 84.3102, 255
0.083, 407.251, 82.6251, 255
0.084, 387.741, 76.9401, 255
0.085, 363.671, 69.0885, 255
0.086, 349.22, 66.5293, 255
0.087, 332.061, 58.7522, 255
0.088, 315.406, 56.7756, 255
0.089, 299.882, 53.3724, 255
0.09, 287.87, 48.0738, 255
0.091, 274.133, 45.5191, 255
0.092, 265.435, 45.6274, 255
0.093, 251.196, 42.0678, 255
0.094, 242.181, 40.2154, 255
0.095, 233.772, 37.4363, 255
0.096, 225.361, 37.3251, 255
0.097, 215.408, 35.2572, 255
0.098, 206.294, 32.189, 255
0.099, 199.851, 30.337, 255
0.1, 192.112, 28.4887, 255
0.101, 185.259, 28.1025, 255
0.102, 180.179, 26.1419, 255
0.103, 175.687, 25.2504, 255
0.104, 167.277, 22.91, 255
0.105, 163.842, 24.3349, 255
0.106, 158.29, 22.076, 255
0.107, 152.294, 22.317, 255
0.108, 148.577, 20.8513, 255
0.109, 145.36, 21.5923, 255
0.11, 140.477, 20.0626, 255
0.111, 136.857, 19.7548, 255
0.112, 132.48, 18.2869, 255
0.113, 129.719, 17.9661, 255
0.114, 125.789, 17.2402, 255
0.115, 123.22, 16.8594, 255
0.116, 120.014, 16.788, 255
0.117, 116.843, 15.863, 255
0.118, 114.066, 15.7465, 255
0.119, 111.119, 15.0695, 255
0.12, 109.628, 15.2573, 255
0.121, 106.923, 14.7303, 255
0.122, 104.3, 13.5244, 255
0.123, 101.079, 13.274, 255
0.124, 99.2, 12.6959, 255
0.125, 97.285, 12.7351, 255
0.126, 95.771, 12.4863, 255
0.127, 93.424, 12.337, 255
0.128, 91.315, 11.8327, 255
0.129, 89.53, 11.4865, 255
0.13, 88.642, 11.5398, 255
0.131, 85.999, 10.9298, 255
0.132, 84.709, 10.7654, 255
0.133, 82.814, 10.4437, 255
0.134, 81.458, 10.5414, 255
0.135, 79.92, 10.323, 255
0.136, 78.395, 9.92497, 255
0.137, 77.138, 10.2287, 255
0.138, 76.421, 10.1737, 255
0.139, 74.638, 9.08829, 255
0.14, 73.069, 9.45168, 255
0.141, 72.108, 9.08649, 255
0.142, 71.706, 9.48902, 255
0.143, 69.706, 9.14098, 255
0.144, 68.886, 8.94478, 255
0.145, 67.681, 8.32438, 255
0.146, 66.303, 8.35196, 255
0.147, 65.786, 8.05917, 255
0.148, 64.628, 7.83375, 255
0.149, 63.733, 7.72423, 255
0, 0, 0, 260
0.001, 0.001, 0.031607, 260
0.002, 0.018, 0.177978, 260
0.003, 0.055, 0.334627, 260
0.004, 0.111, 0.450199, 260
0.005, 0.239, 0.635515, 260
0.006, 0.392, 0.806434, 260
0.007, 0.673, 1.02765, 260
0.008, 1.024, 1.20226, 260
0.009, 1.238, 1.26307, 260
0.01, 1.497, 1.29228, 260
0.011, 1.825, 1.29011, 260
0.012, 2.142, 1.44632, 260
0.013, 2.346, 1.42277, 260
0.014, 2.677, 1.52075, 260
0.015, 2.824, 1.47072, 260
0.016, 3.162, 1.70228, 260
0.017, 3.438, 1.74418, 260
0.018, 3.749, 2.00599, 260
0.019, 4.072, 1.98565, 260
0.02, 4.371, 2.02913, 260
0.021, 4.842, 2.15709, 260
0.022, 5.186, 2.41276, 260
0.023, 5.252, 2.14068, 260
0.024, 5.818, 2.58861, 260
0.025, 6.014, 2.37483, 260
0.026, 6.401, 2.86639, 260
0.027, 6.758, 2.8368, 260
0.028, 7.257, 3.27184, 260
0.029, 7.495, 2.99866, 260
0.03, 8.1, 3.36512, 260
0.031, 8.425, 3.62386, 260
0.032, 8.937, 3.96472, 260
0.033, 9.35, 4.03131, 260
0.034, 9.897, 4.3149, 260
0.035, 10.034, 4.09693, 260
0.036, 11.089, 5.23441, 260
0.037, 11.408, 5.37453, 260
0.038, 11.938, 5.50147, 260
0.039, 12.563, 5.43599, 260
0.04, 12.999, 5.51208, 260
0.041, 13.69, 6.38936, 260
0.042, 14.651, 6.73522, 260
0.043, 15.673, 8.86375, 260
0.044, 16.11, 7.08462, 260
0.045, 17.236, 8.662, 260
0.046, 18.199, 10.9571, 260
0.047, 18.714, 9.64936, 260
0.048, 20.212, 9.95545, 260
0.049, 21.07, 11.2482, 260
0.05, 22.945, 13.8337, 260
0.051, 25.721, 41.8659, 260
0.052, 30.139, 73.8764, 260
0.053, 35.536, 99.8412, 260
0.054, 37.324, 90.034, 260
0.055, 50.723, 140.82, 260
0.056, 58.492, 163.702, 260
0.057, 77.229, 206.269, 260
0.058, 88.823, 218.79, 260
0.059, 111.59, 255.884, 260
0.06, 137.638, 287.091, 260
0.061, 166.935, 318.411, 260
0.062, 202.868, 349.104, 260
0.063, 240.16, 370.101, 260
0.064, 263.586, 381.503, 260
0.065, 336.763, 404.281, 260
0.066, 397.666, 412.547, 260
0.067, 435.621, 408.35, 260
0.068, 496.955, 397.124, 260
0.069, 511.936, 381.18, 260
0.07, 561.838, 353.934, 260
0.071, 596.682, 318.335, 260
0.072, 601.192, 285.167, 260
0.073, 618.628, 250.696, 260
0.074, 613.902, 208.604, 260
0.075, 609.875, 177.494, 260
0.076, 585.003, 160.173, 260
0.077, 558.394, 140.179, 260
0.078, 541.585, 122.795, 260
0.079, 507.756, 108.866, 260
0.08, 478.609, 100.865, 260
0.081, 453.689, 87.1121, 260
0.082, 430.298, 81.0962, 260
0.083, 407.763, 77.3105, 260
0.084, 384.249, 74.3292, 260
0.085, 364.582, 69.1486, 260
0.086, 347.831, 62.2467, 260
0.087, 329.796, 61.3262, 260
0.088, 319.295, 57.2724, 260
0.089, 301.396, 53.5669, 260
0.09, 288.474, 50.7443, 260
0.091, 271.468, 45.8263, 260
0.092, 264.149, 44.9638, 260
0.093, 253.213, 40.2068, 260
0.094, 241.282, 38.2489, 260
0.095, 231.55, 37.2703, 260
0.096, 224.021, 34.4994, 260
0.097, 212.435, 33.7855, 260
0.098, 207.404, 33.3433, 260
0.099, 201.108, 31.4521, 260
0.1, 193.073, 30.2904, 260
0.101, 187.339, 28.1389, 260
0.102, 181.155, 27.0711, 260
0.103, 173.825, 26.2747, 260
0.104, 169.185, 24.9642, 260
0.105, 162.803, 23.8553, 260
0.106, 158.702, 23.2851, 260
0.107, 154.147, 23.2908, 260
0.108, 149.675, 22.1652, 260
0.109, 144.22, 20.1896, 260
0.11, 141.686, 20.2655, 260
0.111, 136.14, 18.6737, 260
0.112, 132.952, 17.6934, 260
0.113, 129.44, 17.5658, 260
0.114, 126.244, 17.1379, 260
0.115, 123.03, 16.3107, 260
0.116, 120.229, 16.6467, 260
0.117, 117.303, 15.8211, 260
0.118, 114.136, 15.1296, 260
0.119, 111.687, 14.1434, 260
0.12, 109.08, 14.3576, 260
0.121, 106.481, 15.0976, 260
0.122, 104.559, 13.7428, 260
0.123, 101.75, 13.2519, 260
0.124, 99.033, 12.4094, 260
0.125, 97.519, 12.1912, 260
0.126, 96.156, 12.4786, 260
0.127, 93.33, 11.5697, 260
0.128, 91.708, 11.7059, 260
0.129, 90.117, 11.7424, 260
0.13, 88.028, 11.2802, 260
0.131, 86.547, 11.1777, 260
0.132, 84.462, 10.7712, 260
0.133, 82.825, 10.3013, 260
0.134, 81.803, 10.1809, 260
0.135, 80.099, 10.0266, 260
0.136, 78.707, 9.90793, 260
0.137, 77.869, 9.73529, 260
0.138, 75.932, 9.65626, 260
0.139, 74.814, 9.18659, 260
0.14, 73.35, 8.90413, 260
0.141, 72.049, 9.42457, 260
0.142, 70.417, 8.52262, 260
0.143, 69.818, 8.5883, 260
0.144, 68.889, 8.98235, 260
0.145, 67.802, 8.60969, 260
0.146, 66.963, 8.55205, 260
0.147, 65.797, 7.85581, 260
0.148, 64.61, 8.34984, 260
0.149, 63.447, 7.75881, 260
0, 0, 0, 265
0.001, 0, 0, 265
0.002, 0.012, 0.140911, 265
0.003, 0.052, 0.302152, 265
0.004, 0.146, 0.514474, 265
0.005, 0.288, 0.714882, 265
0.006, 0.453, 0.90983, 265
0.007, 0.657, 1.05894, 265
0.008, 0.941, 1.13996, 265
0.009, 1.276, 1.3311, 265
0.01, 1.613, 1.22361, 265
0.011, 1.837, 1.35071, 265
0.012, 2.127, 1.391, 265
0.013, 2.348, 1.31791, 265
0.014, 2.699, 1.49345, 265
0.015, 3.006, 1.634, 265
0.016, 3.205, 1.75641, 265
0.017, 3.564, 1.84768, 265
0.018, 3.788, 2.0379, 265
0.019, 4.085, 1.8915, 265
0.02, 4.454, 2.11657, 265
0.021, 4.834, 2.35126, 265
0.022, 5.158, 2.34756, 265
0.023, 5.586, 2.37036, 265
0.024, 5.866, 2.56555, 265
0.025, 6.118, 2.43517, 265
0.026, 6.501, 2.66233, 265
0.027, 6.951, 3.46823, 265
0.028, 7.25, 3.29568, 265
0.029, 7.546, 3.10127, 265
0.03, 8.057, 3.38404, 265
0.031, 8.435, 3.45163, 265
0.032, 8.873, 3.92821, 265
0.033, 9.518, 4.18852, 265
0.034, 9.777, 4.12447, 265
0.035, 10.459, 4.77455, 265
0.036, 10.92, 4.59147, 265
0.037, 11.304, 4.78305, 265
0.038, 12.088, 5.27278, 265
0.039, 12.717, 5.56012, 265
0.04, 13.21, 5.89253, 265
0.041, 13.781, 6.09041, 265
0.042, 14.664, 6.82577, 265
0.043, 15.813, 11.232, 265
0.044, 17.359, 41.3431, 265
0.045, 17.788, 9.46156, 265
0.046, 18.002, 9.56389, 265
0.047, 19.055, 9.79438, 265
0.048, 22.691, 38.2459, 265
0.049, 22.203, 15.4086, 265
0.05, 23.799, 35.2614, 265
0.051, 25.698, 34.1089, 265
0.052, 31.588, 79.1339, 265
0.053, 37.051, 99.1728, 265
0.054, 47.111, 144.48, 265
0.055, 55.466, 157.185, 265
0.056, 59.274, 166.244, 265
0.057, 75.301, 202.121, 265
0.058, 93.738, 232.71, 265
0.059, 119.24, 271.808, 265
0.06, 123.149, 272.159, 265
0.061, 170.493, 321.558, 265
0.062, 204.777, 350.793, 265
0.063, 243.499, 377.43, 265
0.064, 295.495, 397.162, 265
0.065, 357.932, 416.879, 265
0.066, 393.583, 414.731, 265
0.067, 447.524, 415.979, 265
0.068, 502.132, 401.835, 265
0.069, 548.68, 378.033, 265
0.07, 602.868, 341.308, 265
0.071, 620.219, 307.319, 265
0.072, 629.434, 268.731, 265
0.073, 639.33, 236.117, 265
0.074, 618.489, 200.449, 265
0.075, 605.252, 183.706, 265
0.076, 600.491, 147.017, 265
0.077, 566.295, 126.303, 265
0.078, 539.339, 116.949, 265
0.079, 508.717, 107.637, 265
0.08, 483.51, 101.453, 265
0.081, 459.706, 91.9231, 265
0.082, 429.498, 82.9765, 265
0.083, 408.24, 76.5471, 265
0.084, 385.616, 72.2542, 265
0.085, 370.334, 72.604, 265
0.086, 346.056, 62.3557, 265
0.087, 333.035, 59.4767, 265
0.088, 316.504, 56.8998, 265
0.089, 303.702, 53.1529, 265
0.09, 288.895, 48.6643, 265
0.091, 276.791, 47.1502, 265
0.092, 263.704, 44.1155, 265
0.093, 251.292, 41.2851, 265
0.094, 241.597, 39.7605, 265
0.095, 233.379, 37.6457, 265
0.096, 223.715, 35.0846, 265
0.097, 216.255, 34.8099, 265
0.098, 208.96, 31.9823, 265
0.099, 199.824, 30.7285, 265
0.1, 195.885, 30.8141, 265
0.101, 186.907, 29.4391, 265
0.102, 180.682, 26.7744, 265
0.103, 174.127, 25.6018, 265
0.104, 168.222, 24.4431, 265
0.105, 164.187, 23.4221, 265
0.106, 157.601, 22.92, 265
0.107, 153.134, 21.5989, 265
0.108, 150.13, 21.8778, 265
0.109, 146.425, 20.7047, 265
0.11, 140.574, 19.4713, 265
0.111, 138.05, 19.5858, 265
0.112, 133.781, 17.9369, 265
0.113, 129.708, 17.6952, 265
0.114, 126.627, 18.1836, 265
0.115, 124.104, 17.28, 265
0.116, 120.642, 16.1432, 265
0.117, 116.893, 15.2726, 265
0.118, 114.811, 16.1629, 265
0.119, 112.686, 15.9381, 265
0.12, 108.626, 14.0771, 265
0.121, 107.055, 14.5232, 265
0.122, 104.425, 13.0703, 265
0.123, 101.387, 12.7857, 265
0.124, 100.451, 13.1186, 265
0.125, 97.566, 12.7434, 265
0.126, 96.398, 13.3579, 265
0.127, 93.917, 12.4683, 265
0.128, 92.644, 12.0343, 265
0.129, 90.46, 11.9532, 265
0.13, 88.425, 11.6067, 265
0.131, 85.877, 10.8547, 265
0.132, 84.829, 10.6969, 265
0.133, 82.783, 10.4099, 265
0.134, 82.702, 10.5807, 265
0.135, 80.001, 10.2527, 265
0.136, 78.337, 9.75569, 265
0.137, 77.728, 10.2507, 265
0.138, 75.861, 9.71976, 265
0.139, 74.799, 9.2607, 265
0.14, 73.758, 9.12104, 265
0.141, 72.133, 8.98996, 265
0.142, 71.032, 8.79153, 265
0.143, 70.327, 8.6862, 265
0.144, 68.732, 8.3177, 265
0.145, 67.976, 8.69583, 265
0.146, 66.678, 8.05843, 265
0.147, 65.763, 8.08943, 265
0.148, 64.483, 8.18118, 265
0.149, 64.007, 8.17979, 265
0, 0, 0, 270
0.001, 0.005, 0.0947365, 270
0.002, 0.023, 0.253911, 270
0.003, 0.073, 0.360099, 270
0.004, 0.148, 0.527348, 270
0.005, 0.303, 0.717768, 270
0.006, 0.52, 0.895321, 270
0.007, 0.731, 0.999319, 270
0.008, 0.98, 1.14612, 270
0.009, 1.291, 1.23301, 270
0.01, 1.579, 1.44905, 270
0.011, 1.878, 1.31648, 270
0.012, 2.209, 1.43294, 270
0.013, 2.419, 1.45032, 270
0.014, 2.722, 1.51153, 270
0.015, 2.941, 1.53997, 270
0.016, 3.282, 1.64331, 270
0.017, 3.577, 1.86174, 270
0.018, 3.855, 1.90367, 270
0.019, 4.215, 1.95314, 270
0.02, 4.536, 2.1092, 270
0.021, 4.76, 2.17449, 270
0.022, 5.101, 2.27262, 270
0.023, 5.502, 2.25033, 270
0.024, 5.776, 2.51194, 270
0.025, 6.254, 2.6183, 270
0.026, 6.593, 2.64827, 270
0.027, 6.895, 2.72102, 270
0.028, 7.095, 2.79463, 270
0.029, 7.607, 3.19195, 270
0.03, 8.1, 3.3003, 270
0.031, 8.473, 3.45127, 270
0.032, 8.778, 3.4981, 270
0.033, 9.436, 3.80183, 270
0.034, 10.008, 4.19809, 270
0.035, 10.616, 4.49806, 270
0.036, 10.864, 4.60168, 270
0.037, 11.492, 5.17377, 270
0.038, 12.019, 5.06662, 270
0.039, 12.586, 5.34009, 270
0.04, 13.634, 6.20016, 270
0.041, 14.182, 6.37518, 270
0.042, 15.136, 7.29284, 270
0.043, 15.717, 7.17948, 270
0.044, 16.311, 7.40569, 270
0.045, 18.798, 48.2684, 270
0.046, 20.308, 48.2078, 270
0.047, 19.767, 16.1771, 270
0.048, 20.511, 10.6516, 270
0.049, 21.764, 11.9849, 270
0.05, 27.345, 69.675, 270
0.051, 28.101, 66.9215, 270
0.052, 30.89, 78.6566, 270
0.053, 37.468, 100.173, 270
0.054, 42.353, 112.403, 270
0.055, 50.111, 146.868, 270
0.056, 65.936, 180.875, 270
0.057, 74.132, 200.217, 270
0.058, 96.94, 238.225, 270
0.059, 122.859, 277.375, 270
0.06, 139.493, 294.091, 270
0.061, 165.798, 323.597, 270
0.062, 189.146, 336.761, 270
0.063, 248.769, 384.391, 270
0.064, 307.686, 408.816, 270
0.065, 365.005, 422.158, 270
0.066, 415.281, 427.014, 270
0.067, 475.603, 423.677, 270
0.068, 514.098, 407.796, 270
0.069, 562.679, 392.017, 270
0.07, 582.676, 359.112, 270
0.071, 617.395, 318.585, 270
0.072, 640.261, 265.733, 270
0.073, 636.017, 243.657, 270
0.074, 633.082, 196.714, 270
0.075, 625.318, 163.124, 270
0.076, 602.627, 148.771, 270
0.077, 573.188, 133.862, 270
0.078, 539.531, 114.729, 270
0.079, 513.153, 105.279, 270
0.08, 483.925, 102.523, 270
0.081, 460.433, 94.8362, 270
0.082, 424.64, 82.6786, 270
0.083, 408.648, 79.4423, 270
0.084, 384.592, 70.8277, 270
0.085, 371.444, 67.6899, 270
0.086, 350.175, 64.6536, 270
0.087, 330.969, 57.1438, 270
0.088, 318.563, 56.7757, 270
0.089, 300.593, 51.8941, 270
0.09, 289.9, 49.8726, 270
0.091, 276.783, 48.6465, 270
0.092, 263.784, 43.0041, 270
0.093, 253.326, 41.4928, 270
0.094, 243.015, 39.7516, 270
0.095, 233.887, 37.7978, 270
0.096, 225.399, 37.1276, 270
0.097, 215.727, 32.9708, 270
0.098, 208.698, 31.3153, 270
0.099, 202.14, 30.7334, 270
0.1, 193.862, 28.2304, 270
0.101, 187.504, 28.2377, 270
0.102, 181.513, 26.616, 270
0.103, 175.015, 25.8215, 270
0.104, 168.875, 24.152, 270
0.105, 163.132, 23.2806, 270
0.106, 158.751, 23.1389, 270
0.107, 154.218, 22.7393, 270
0.108, 150.91, 22.6537, 270
0.109, 143.96, 19.1606, 270
0.11, 141.314, 19.2865, 270
0.111, 137.599, 19.7494, 270
0.112, 134.915, 18.9254, 270
0.113, 130.208, 18.6666, 270
0.114, 126.95, 17.0765, 270
0.115, 124.82, 17.0831, 270
0.116, 120.789, 16.9623, 270
0.117, 117.499, 15.8783, 270
0.118, 114.914, 15.4293, 270
0.119, 112.159, 14.9271, 270
0.12, 109.655, 14.3887, 270
0.121, 107.512, 14.8292, 270
0.122, 104.69, 13.7545, 270
0.123, 102.247, 13.0606, 270
0.124, 100.741, 13.7221, 270
0.125, 98.194, 13.5179, 270
0.126, 94.777, 11.984, 270
0.127, 93.582, 12.3892, 270
0.128, 91.954, 11.3268, 270
0.129, 90.243, 11.4293, 270
0.13, 88.539, 11.0389, 270
0.131, 87.273, 11.5119, 270
0.132, 84.588, 10.2715, 270
0.133, 83.25, 9.91461, 270
0.134, 82.289, 11.1427, 270
0.135, 80.079, 10.0852, 270
0.136, 78.77, 10.1568, 270
0.137, 77.758, 9.99537, 270
0.138, 75.722, 9.66451, 270
0.139, 75.002, 9.38712, 270
0.14, 73.47, 9.0095, 270
0.141, 72.158, 8.85206, 270
0.142, 70.927, 9.04045, 270
0.143, 69.843, 8.28241, 270
0.144, 68.636, 8.40485, 270
0.145, 67.308, 8.16965, 270
0.146, 66.438, 7.99863, 270
0.147, 65.717, 7.90828, 270
0.148, 64.345, 7.44661, 270
0.149, 63.451, 7.23475, 270
0, 0, 0, 275
0.001, 0.002, 0.0632139, 275
0.002, 0.018, 0.18351, 275
0.003, 0.047, 0.287734, 275
0.004, 0.178, 0.565965, 275
0.005, 0.288, 0.723226, 275
0.006, 0.523, 0.935666, 275
0.007, 0.776, 1.07881, 275
0.008, 1.048, 1.17631, 275
0.009, 1.295, 1.23692, 275
0.01, 1.636, 1.33023, 275
0.011, 2.021, 1.39088, 275
0.012, 2.257, 1.44463, 275
0.013, 2.5, 1.48526, 275
0.014, 2.69, 1.4906, 275
0.015, 3.134, 1.72686, 275
0.016, 3.335, 1.72069, 275
0.017, 3.56, 1.79455, 275
0.018, 3.855, 1.99949, 275
0.019, 4.118, 1.97739, 275
0.02, 4.462, 2.04121, 275
0.021, 4.774, 2.05595, 275
0.022, 5.283, 2.30628, 275
0.023, 5.582, 2.33993, 275
0.024, 6, 2.56982, 275
0.025, 6.157, 2.43071, 275
0.026, 6.668, 2.91029, 275
0.027, 6.892, 2.81075, 275
0.028, 7.327, 2.87195, 275
0.029, 7.92, 3.36743, 275
0.03, 8.176, 3.59709, 275
0.031, 8.372, 3.53944, 275
0.032, 9.185, 3.88494, 275
0.033, 9.445, 3.8485, 275
0.034, 10.068, 4.26513, 275
0.035, 10.464, 4.27091, 275
0.036, 10.985, 4.52712, 275
0.037, 11.676, 5.14442, 275
0.038, 12.435, 5.28713, 275
0.039, 12.942, 6.10235, 275
0.04, 13.707, 6.66462, 275
0.041, 15.681, 46.2584, 275
0.042, 15.323, 6.90657, 275
0.043, 16.183, 8.3173, 275
0.044, 16.945, 9.39564, 275
0.045, 17.57, 8.54793, 275
0.046, 19.332, 11.0018, 275
0.047, 21.111, 50.3452, 275
0.048, 22.559, 47.9425, 275
0.049, 24.413, 56.052, 275
0.05, 26.012, 54.3792, 275
0.051, 29.538, 75.6416, 275
0.052, 36.407, 106.769, 275
0.053, 42.2, 128.566, 275
0.054, 45.989, 132.333, 275
0.055, 51.457, 138.985, 275
0.056, 66.718, 183.427, 275
0.057, 84.711, 228.962, 275
0.058, 100.663, 245.229, 275
0.059, 114.323, 263.32, 275
0.06, 174.664, 341.271, 275
0.061, 191.421, 351.862, 275
0.062, 224.421, 376.99, 275
0.063, 250.14, 386.441, 275
0.064, 313.862, 414.326, 275
0.065, 364.203, 430.864, 275
0.066, 429.704, 442.04, 275
0.067, 469.575, 426.133, 275
0.068, 542.442, 414.332, 275
0.069, 566.202, 384.05, 275
0.07, 615.489, 359.443, 275
0.071, 619.842, 324.282, 275
0.072, 658.512, 269.359, 275
0.073, 653.04, 237.808, 275
0.074, 644.511, 193.178, 275
0.075, 629.971, 173.823, 275
0.076, 604.291, 150.713, 275
0.077, 572.658, 131.232, 275
0.078, 538.949, 121.209, 275
0.079, 510.704, 107.568, 275
0.08, 489.153, 100.316, 275
0.081, 461.757, 95.0336, 275
0.082, 432.9, 85.1656, 275
0.083, 405.976, 75.6227, 275
0.084, 384.073, 72.9078, 275
0.085, 369.164, 69.2707, 275
0.086, 349.544, 62.7386, 275
0.087, 334.253, 59.2316, 275
0.088, 317.387, 53.9312, 275
0.089, 302.882, 52.3513, 275
0.09, 290.444, 49.7361, 275
0.091, 276.674, 45.2075, 275
0.092, 264.616, 44.399, 275
0.093, 252.963, 40.9682, 275
0.094, 243.444, 40.5606, 275
0.095, 235.361, 38.2344, 275
0.096, 224.823, 35.8087, 275
0.097, 216.818, 33.9378, 275
0.098, 208.76, 31.5165, 275
0.099, 202.457, 31.3295, 275
0.1, 194.464, 29.5484, 275
0.101, 189.176, 27.7927, 275
0.102, 181.068, 25.7733, 275
0.103, 175.838, 25.5253, 275
0.104, 168.669, 23.9554, 275
0.105, 165.11, 23.5231, 275
0.106, 159.295, 22.5927, 275
0.107, 155.138, 22.105, 275
0.108, 149.821, 21.1196, 275
0.109, 145.792, 20.8583, 275
0.11, 141.437, 20.2126, 275
0.111, 137.945, 18.7069, 275
0.112, 133.293, 17.8061, 275
0.113, 129.391, 16.8632, 275
0.114, 127.815, 16.6574, 275
0.115, 123.712, 16.6269, 275
0.116, 120.856, 16.4464, 275
0.117, 117.227, 15.6394, 275
0.118, 114.406, 15.7435, 275
0.119, 112.561, 15.083, 275
0.12, 109.992, 14.8881, 275
0.121, 106.292, 13.5355, 275
0.122, 104.986, 13.991, 275
0.123, 101.994, 12.909, 275
0.124, 99.638, 12.9253, 275
0.125, 98.682, 13.06, 275
0.126, 96.613, 12.4984, 275
0.127, 93.934, 11.9106, 275
0.128, 92.124, 11.8793, 275
0.129, 89.712, 11.422, 275
0.13, 88.399, 11.2285, 275
0.131, 86.868, 11.3029, 275
0.132, 85.045, 10.9716, 275
0.133, 83.566, 10.316, 275
0.134, 81.648, 10.0582, 275
0.135, 81.259, 10.9628, 275
0.136, 79.036, 10.1105, 275
0.137, 77.63, 9.47307, 275
0.138, 75.902, 9.21143, 275
0.139, 75.342, 9.64661, 275
0.14, 73.779, 8.88032, 275
0.141, 72.439, 8.92537, 275
0.142, 71.712, 9.01505, 275
0.143, 70.05, 8.59334, 275
0.144, 68.965, 8.55826, 275
0.145, 68.062, 8.12712, 275
0.146, 67.04, 7.8232, 275
0.147, 65.209, 7.74579, 275
0.148, 64.687, 7.84838, 275
0.149, 63.939, 7.57557, 275
0, 0, 0, 280
0.001, 0.001, 0.031607, 280
0.002, 0.015, 0.157401, 280
0.003, 0.085, 0.419255, 280
0.004, 0.139, 0.493639, 280
0.005, 0.331, 0.76514, 280
0.006, 0.489, 0.897708, 280
0.007, 0.791, 1.08227, 280
0.008, 1.078, 1.18824, 280
0.009, 1.406, 1.26141, 280
0.01, 1.654, 1.30088, 280
0.011, 1.945, 1.30995, 280
0.012, 2.278, 1.39954, 280
0.013, 2.528, 1.42801, 280
0.014, 2.784, 1.46811, 280
0.015, 3.096, 1.72649, 280
0.016, 3.39, 1.77874, 280
0.017, 3.572, 1.93619, 280
0.018, 3.935, 1.85116, 280
0.019, 4.257, 2.03346, 280
0.02, 4.52, 2.07933, 280
0.021, 4.874, 2.10906, 280
0.022, 5.265, 2.33126, 280
0.023, 5.735, 2.39223, 280
0.024, 5.992, 2.45192, 280
0.025, 6.313, 2.62736, 280
0.026, 6.795, 2.86164, 280
0.027, 7.189, 3.08371, 280
0.028, 7.573, 3.0943, 280
0.029, 7.908, 3.36653, 280
0.03, 8.317, 3.65903, 280
0.031, 8.682, 3.54667, 280
0.032, 9.128, 3.67445, 280
0.033, 9.78, 4.19185, 280
0.034, 10.059, 4.29552, 280
0.035, 10.596, 4.16375, 280
0.036, 11.351, 5.04934, 280
0.037, 11.774, 4.84798, 280
0.038, 12.291, 5.05572, 280
0.039, 12.849, 5.23853, 280
0.04, 13.57, 5.88108, 280
0.041, 14.515, 6.57904, 280
0.042, 15.549, 8.41532, 280
0.043, 17.017, 9.46196, 280
0.044, 17.498, 9.42645, 280
0.045, 17.447, 7.40076, 280
0.046, 19.061, 9.71716, 280
0.047, 19.906, 11.1364, 280
0.048, 21.23, 11.2166, 280
0.049, 24.577, 46.7686, 280
0.05, 23.381, 12.6853, 280
0.051, 27.396, 44.8305, 280
0.052, 31.174, 67.9416, 280
0.053, 42.203, 121.944, 280
0.054, 44.572, 126.308, 280
0.055, 59.777, 177.247, 280
0.056, 71.934, 204.214, 280
0.057, 72.303, 193.843, 280
0.058, 102.235, 251.934, 280
0.059, 142.517, 311.398, 280
0.06, 163.826, 332.841, 280
0.061, 188.997, 354.565, 280
0.062, 217.556, 372.322, 280
0.063, 265.208, 397.424, 280
0.064, 317.415, 429.115, 280
0.065, 390.498, 444.937, 280
0.066, 442.347, 442.052, 280
0.067, 516.611, 437.715, 280
0.068, 565.049, 408.742, 280
0.069, 587.981, 386.414, 280
0.07, 635.73, 354.37, 280
0.071, 653.001, 311.257, 280
0.072, 655.967, 273.408, 280
0.073, 655.747, 245.247, 280
0.074, 655.68, 195.567, 280
0.075, 634.943, 164.049, 280
0.076, 603.602, 140.352, 280
0.077, 583.423, 140.458, 280
0.078, 547.641, 124.244, 280
0.079, 514.663, 108.115, 280
0.08, 481.845, 98.8248, 280
0.081, 462.086, 94.0637, 280
0.082, 433.821, 83.2478, 280
0.083, 407.482, 80.9675, 280
0.084, 390.813, 74.1604, 280
0.085, 372.115, 71.7008, 280
0.086, 346.493, 60.4876, 280
0.087, 333.536, 59.4563, 280
0.088, 316.375, 55.5156, 280
0.089, 301.473, 50.9775, 280
0.09, 290.733, 48.8446, 280
0.091, 275.688, 46.1812, 280
0.092, 263.174, 42.598, 280
0.093, 254.805, 40.7138, 280
0.094, 243.846, 39.3134, 280
0.095, 232.407, 36.7706, 280
0.096, 225.447, 35.4643, 280
0.097, 216.284, 35.0611, 280
0.098, 208.685, 32.5983, 280
0.099, 200.836, 30.6028, 280
0.1, 194.003, 28.4632, 280
0.101, 187.312, 27.2957, 280
0.102, 180.874, 25.7303, 280
0.103, 175.267, 24.6993, 280
0.104, 169.095, 23.957, 280
0.105, 163.721, 22.8055, 280
0.106, 159.443, 22.6566, 280
0.107, 154.346, 21.0694, 280
0.108, 150.993, 21.2282, 280
0.109, 146.499, 20.3944, 280
0.11, 141.37, 18.938, 280
0.111, 137.488, 19.1401, 280
0.112, 133.517, 18.1705, 280
0.113, 130.491, 18.1563, 280
0.114, 126.884, 17.3989, 280
0.115, 123.296, 15.7813, 280
0.116, 121.387, 16.5041, 280
0.117, 117.191, 15.3965, 280
0.118, 113.821, 14.5254, 280
0.119, 112.422, 14.7468, 280
0.12, 109.63, 14.3726, 280
0.121, 107.39, 13.9835, 280
0.122, 104.941, 13.6876, 280
0.123, 101.551, 13.1717, 280
0.124, 100.794, 13.735, 280
0.125, 98.5, 12.9809, 280
0.126, 96.421, 12.2543, 280
0.127, 94.262, 12.0091, 280
0.128, 92.137, 11.7346, 280
0.129, 90.399, 11.755, 280
0.13, 88.972, 11.2388, 280
0.131, 86.963, 11.0161, 280
0.132, 84.881, 10.9238, 280
0.133, 83.733, 10.2742, 280
0.134, 81.686, 10.1491, 280
0.135, 80.778, 9.64307, 280
0.136, 79.842, 9.9451, 280
0.137, 77.588, 9.44988, 280
0.138, 76.641, 9.56975, 280
0.139, 74.846, 9.49001, 280
0.14, 73.606, 8.74864, 280
0.141, 72.809, 9.18632, 280
0.142, 72.1, 9.04422, 280
0.143, 70.103, 8.30797, 280
0.144, 69.044, 8.5557, 280
0.145, 68.239, 8.6734, 280
0.146, 66.724, 8.11196, 280
0.147, 66.055, 8.49023, 280
0.148, 64.819, 8.1015, 280
0.149, 64.001, 7.18825, 280
0, 0, 0, 285
0.001, 0.002, 0.0632139, 285
0.002, 0.025, 0.215349, 285
0.003, 0.07, 0.353695, 285
0.004, 0.168, 0.551159, 285
0.005, 0.358, 0.814761, 285
0.006, 0.526, 0.940917, 285
0.007, 0.79, 1.06672, 285
0.008, 1.058, 1.14832, 285
0.009, 1.458, 1.25707, 285
0.01, 1.69, 1.23203, 285
0.011, 2.013, 1.3427, 285
0.012, 2.352, 1.52122, 285
0.013, 2.518, 1.44557, 285
0.014, 2.842, 1.46391, 285
0.015, 2.999, 1.51756, 285
0.016, 3.38, 1.74057, 285
0.017, 3.786, 1.87729, 285
0.018, 4.037, 2.10134, 285
0.019, 4.488, 2.22528, 285
0.02, 4.539, 2.00611, 285
0.021, 4.934, 2.04246, 285
0.022, 5.288, 2.35139, 285
0.023, 5.725, 2.29899, 285
0.024, 6.11, 2.62753, 285
0.025, 6.478, 2.82516, 285
0.026, 6.707, 2.90192, 285
0.027, 7.051, 2.84366, 285
0.028, 7.458, 3.10068, 285
0.029, 7.943, 3.3045, 285
0.03, 8.391, 3.24255, 285
0.031, 8.802, 3.81272, 285
0.032, 9.261, 3.56523, 285
0.033, 9.939, 4.35905, 285
0.034, 10.4, 4.28276, 285
0.035, 10.912, 4.67079, 285
0.036, 11.459, 5.45897, 285
0.037, 12.043, 4.75764, 285
0.038, 12.534, 5.25137, 285
0.039, 12.964, 6.38096, 285
0.04, 14.128, 7.05462, 285
0.041, 14.686, 6.16599, 285
0.042, 15.546, 9.58811, 285
0.043, 15.985, 7.51324, 285
0.044, 17.795, 9.6759, 285
0.045, 17.733, 8.12796, 285
0.046, 18.714, 8.62613, 285
0.047, 21.842, 47.9473, 285
0.048, 25.576, 73.3603, 285
0.049, 22.393, 11.1795, 285
0.05, 24.568, 14.4509, 285
0.051, 27.94, 50.5366, 285
0.052, 33.708, 88.2189, 285
0.053, 37.757, 93.44, 285
0.054, 47.314, 142.293, 285
0.055, 62.483, 183.109, 285
0.056, 72.502, 201.454, 285
0.057, 78.949, 211.808, 285
0.058, 112.57, 270, 285
0.059, 132.523, 299.388, 285
0.06, 158.397, 332.018, 285
0.061, 177.773, 341.165, 285
0.062, 244.214, 395.621, 285
0.063, 295.953, 423.796, 285
0.064, 361.915, 449.12, 285
0.065, 423.807, 459.357, 285
0.066, 451.451, 447.904, 285
0.067, 507.779, 441.629, 285
0.068, 549.857, 424.797, 285
0.069, 609.557, 390.324, 285
0.07, 659.353, 346.838, 285
0.071, 659.264, 319.247, 285
0.072, 679.209, 268.918, 285
0.073, 682.882, 219.145, 285
0.074, 658.879, 193.056, 285
0.075, 648.087, 161.413, 285
0.076, 602.367, 157.325, 285
0.077, 590.679, 127.833, 285
0.078, 544.395, 108.476, 285
0.079, 516.367, 106.183, 285
0.08, 489.016, 97.6135, 285
0.081, 463.416, 91.4793, 285
0.082, 434.653, 85.7852, 285
0.083, 408.375, 79.2485, 285
0.084, 391.724, 73.397, 285
0.085, 369.003, 69.4389, 285
0.086, 348.447, 61.7607, 285
0.087, 331.269, 60.846, 285
0.088, 313.091, 54.1806, 285
0.089, 304.114, 53.986, 285
0.09, 286.862, 48.1919, 285
0.091, 278.732, 45.4303, 285
0.092, 263.473, 43.1361, 285
0.093, 254.291, 41.8889, 285
0.094, 244.867, 39.656, 285
0.095, 235.87, 37.816, 285
0.096, 222.83, 33.5121, 285
0.097, 215.928, 31.1903, 285
0.098, 208.183, 31.3263, 285
0.099, 199.764, 29.6679, 285
0.1, 194.484, 29.5924, 285
0.101, 186.423, 27.3107, 285
0.102, 178.933, 25.61, 285
0.103, 174.472, 23.8448, 285
0.104, 169.125, 23.5811, 285
0.105, 164.167, 22.6089, 285
0.106, 159.106, 21.1824, 285
0.107, 153.59, 20.4968, 285
0.108, 150.423, 20.7271, 285
0.109, 144.319, 18.3753, 285
0.11, 140.975, 18.4447, 285
0.111, 137.773, 18.3145, 285
0.112, 134.84, 18.3814, 285
0.113, 129.996, 17.7473, 285
0.114, 127.488, 17.3811, 285
0.115, 124.358, 16.2843, 285
0.116, 120.556, 15.1166, 285
0.117, 117.757, 16, 285
0.118, 115.571, 15.3024, 285
0.119, 112.893, 15.5066, 285
0.12, 109.665, 14.9957, 285
0.121, 106.842, 13.3271, 285
0.122, 104.322, 13.1755, 285
0.123, 102.189, 13.3248, 285
0.124, 100.355, 12.4943, 285
0.125, 98.615, 12.835, 285
0.126, 96.559, 13.0512, 285
0.127, 94.033, 11.6994, 285
0.128, 91.902, 12.1331, 285
0.129, 90.361, 10.9284, 285
0.13, 88.525, 11.2849, 285
0.131, 87.066, 11.0417, 285
0.132, 85.37, 10.9591, 285
0.133, 83.731, 10.5461, 285
0.134, 81.759, 10.2768, 285
0.135, 81.114, 10.8885, 285
0.136, 78.646, 9.73615, 285
0.137, 77.724, 9.38754, 285
0.138, 76.479, 9.49798, 285
0.139, 75.382, 8.76379, 285
0.14, 73.869, 8.96827, 285
0.141, 72.69, 8.74802, 285
0.142, 71.675, 9.16784, 285
0.143, 70.428, 8.8369, 285
0.144, 69.286, 8.28506, 285
0.145, 68.244, 8.5397, 285
0.146, 67.058, 7.81387, 285
0.147, 65.866, 7.72775, 285
0.148, 64.476, 7.57782, 285
0.149, 64.269, 7.97488, 285
0, 0, 0, 290
0.001, 0.004, 0.0893532, 290
0.002, 0.025, 0.200935, 290
0.003, 0.075, 0.351248, 290
0.004, 0.167, 0.54691, 290
0.005, 0.338, 0.758786, 290
0.006, 0.571, 0.944965, 290
0.007, 0.848, 1.09585, 290
0.008, 1.119, 1.20368, 290
0.009, 1.416, 1.26607, 290
0.01, 1.703, 1.34417, 290
0.011, 2.025, 1.37782, 290
0.012, 2.324, 1.38601, 290
0.013, 2.595, 1.45016, 290
0.014, 2.808, 1.63375, 290
0.015, 3.064, 1.61056, 290
0.016, 3.35, 1.7145, 290
0.017, 3.767, 1.84139, 290
0.018, 4.086, 1.91432, 290
0.019, 4.455, 2.03764, 290
0.02, 4.81, 2.01045, 290
0.021, 5.102, 2.204, 290
0.022, 5.448, 2.34378, 290
0.023, 5.84, 2.46585, 290
0.024, 6.136, 2.51346, 290
0.025, 6.457, 2.63783, 290
0.026, 6.803, 2.89071, 290
0.027, 7.339, 3.19814, 290
0.028, 7.568, 3.00855, 290
0.029, 8.131, 3.33164, 290
0.03, 8.653, 3.62362, 290
0.031, 8.763, 4.05547, 290
0.032, 9.293, 3.85735, 290
0.033, 9.735, 3.86869, 290
0.034, 10.387, 4.42575, 290
0.035, 10.859, 4.21368, 290
0.036, 11.431, 4.27566, 290
0.037, 12.26, 5.22919, 290
0.038, 12.442, 5.25801, 290
0.039, 13.21, 5.68506, 290
0.04, 13.98, 5.66371, 290
0.041, 14.458, 6.23604, 290
0.042, 15.994, 8.5731, 290
0.043, 16.931, 8.73065, 290
0.044, 17.829, 8.4329, 290
0.045, 18.176, 9.0906, 290
0.046, 19.254, 8.97204, 290
0.047, 20.219, 11.0376, 290
0.048, 22.287, 12.8642, 290
0.049, 26.38, 59.1182, 290
0.05, 32.092, 94.191, 290
0.051, 35.203, 105.964, 290
0.052, 44.746, 142.901, 290
0.053, 48.184, 146.553, 290
0.054, 59.135, 180.198, 290
0.055, 59.058, 170.408, 290
0.056, 86.554, 239.729, 290
0.057, 86.25, 226.412, 290
0.058, 105.702, 261.506, 290
0.059, 138.3, 310.003, 290
0.06, 175.893, 345.568, 290
0.061, 209.912, 381.251, 290
0.062, 246.046, 403.527, 290
0.063, 306.683, 434.593, 290
0.064, 354.92, 445.406, 290
0.065, 433.439, 464.657, 290
0.066, 476.244, 462.456, 290
0.067, 559.261, 446.713, 290
0.068, 585.009, 421.471, 290
0.069, 629.452, 391.496, 290
0.07, 678.58, 343.633, 290
0.071, 688.28, 299.75, 290
0.072, 688.298, 271.505, 290
0.073, 683.323, 231.038, 290
0.074, 674.003, 187.39, 290
0.075, 634.316, 161.758, 290
0.076, 617.794, 142.085, 290
0.077, 580.777, 126.38, 290
0.078, 552.766, 120.218, 290
0.079, 516.483, 102.612, 290
0.08, 490.713, 103.716, 290
0.081, 459.05, 88.5394, 290
0.082, 432.305, 83.7822, 290
0.083, 410.276, 78.3662, 290
0.084, 389.98, 72.4282, 290
0.085, 369.257, 67.1447, 290
0.086, 351.795, 64.8096, 290
0.087, 335.51, 57.4844, 290
0.088, 317.98, 54.561, 290
0.089, 304.293, 52.2402, 290
0.09, 292.737, 51.9581, 290
0.091, 276.74, 44.7658, 290
0.092, 265.452, 42.7421, 290
0.093, 254.933, 42.3023, 290
0.094, 243.324, 39.231, 290
0.095, 233.524, 36.5763, 290
0.096, 224.327, 34.3184, 290
0.097, 218.754, 34.2638, 290
0.098, 207.651, 30.6655, 290
0.099, 201.595, 29.8249, 290
0.1, 194.062, 28.7664, 290
0.101, 186.554, 27.7499, 290
0.102, 182.244, 26.1205, 290
0.103, 176.75, 25.9168, 290
0.104, 170.469, 25.0832, 290
0.105, 165.067, 23.6568, 290
0.106, 159.775, 22.648, 290
0.107, 155.28, 22.758, 290
0.108, 151.794, 21.833, 290
0.109, 146.021, 20.3314, 290
0.11, 141.221, 19.7778, 290
0.111, 138.687, 18.767, 290
0.112, 134.223, 18.4299, 290
0.113, 130.378, 17.3113, 290
0.114, 126.916, 16.3491, 290
0.115, 124.154, 16.4254, 290
0.116, 121.542, 15.5051, 290
0.117, 118.54, 16.1101, 290
0.118, 115.092, 15.647, 290
0.119, 111.889, 14.5924, 290
0.12, 109.995, 13.9812, 290
0.121, 107.397, 13.4088, 290
0.122, 105.159, 13.2743, 290
0.123, 103.002, 13.0722, 290
0.124, 99.973, 12.4736, 290
0.125, 97.782, 11.706, 290
0.126, 96.572, 12.5762, 290
0.127, 94.251, 12.3718, 290
0.128, 91.604, 11.5129, 290
0.129, 90.662, 11.079, 290
0.13, 88.214, 10.7466, 290
0.131, 87.077, 10.9206, 290
0.132, 85.105, 10.6985, 290
0.133, 84.357, 10.977, 290
0.134, 81.906, 10.051, 290
0.135, 80.17, 9.34875, 290
0.136, 78.931, 9.66293, 290
0.137, 78.048, 9.73312, 290
0.138, 76.752, 9.64596, 290
0.139, 75.043, 8.98783, 290
0.14, 73.961, 9.07477, 290
0.141, 72.732, 8.79649, 290
0.142, 71.336, 8.94847, 290
0.143, 70.476, 8.78939, 290
0.144, 69.327, 8.02372, 290
0.145, 68.163, 9.12482, 290
0.146, 66.897, 8.36328, 290
0.147, 66.186, 8.44295, 290
0.148, 64.738, 7.927, 290
0.149, 63.988, 7.3626, 290
0, 0, 0, 295
0.001, 0.003, 0.070647, 295
0.002, 0.017, 0.180862, 295
0.003, 0.059, 0.31862, 295
0.004, 0.173, 0.53951, 295
0.005, 0.345, 0.777158, 295
0.006, 0.596, 0.978153, 295
0.007, 0.838, 1.09533, 295
0.008, 1.263, 1.32885, 295
0.009, 1.427, 1.21354, 295
0.01, 1.777, 1.2551, 295
0.011, 2.04, 1.30629, 295
0.012, 2.36, 1.31545, 295
0.013, 2.709, 1.46093, 295
0.014, 2.921, 1.66756, 295
0.015, 3.206, 1.6351, 295
0.016, 3.413, 1.72755, 295
0.017, 3.844, 1.7826, 295
0.018, 4.113, 2.10624, 295
0.019, 4.38, 1.95694, 295
0.02, 4.784, 2.23637, 295
0.021, 5.209, 2.39944, 295
0.022, 5.409, 2.20991, 295
0.023, 5.977, 2.61313, 295
0.024, 6.329, 2.59244, 295
0.025, 6.415, 2.73254, 295
0.026, 6.833, 2.65464, 295
0.027, 7.219, 2.83955, 295
0.028, 7.693, 3.19386, 295
0.029, 7.925, 3.28563, 295
0.03, 8.716, 3.72389, 295
0.031, 9.029, 4.06179, 295
0.032, 9.449, 3.77166, 295
0.033, 9.966, 4.09766, 295
0.034, 10.618, 4.72716, 295
0.035, 10.819, 4.14056, 295
0.036, 11.624, 5.21887, 295
0.037, 11.894, 4.80508, 295
0.038, 12.874, 5.01559, 295
0.039, 13.843, 5.89884, 295
0.04, 13.906, 5.24129, 295
0.041, 15.286, 7.59198, 295
0.042, 15.911, 7.49754, 295
0.043, 16.788, 7.83563, 295
0.044, 17.336, 7.86239, 295
0.045, 18.477, 9.18333, 295
0.046, 19.832, 11.2348, 295
0.047, 20.922, 13.2715, 295
0.048, 23.281, 39.0121, 295
0.049, 23.399, 16.3251, 295
0.05, 28.804, 78.3733, 295
0.051, 33.471, 95.093, 295
0.052, 34.797, 91.7554, 295
0.053, 37.149, 90.5847, 295
0.054, 53.04, 156.049, 295
0.055, 57.306, 161.372, 295
0.056, 78.101, 217.246, 295
0.057, 92.553, 250.12, 295
0.058, 110.224, 270.794, 295
0.059, 138.878, 309.908, 295
0.06, 168.575, 346.831, 295
0.061, 233.035, 398.12, 295
0.062, 258.242, 414.93, 295
0.063, 306.477, 437.031, 295
0.064, 373.727, 464.446, 295
0.065, 436.051, 468.039, 295
0.066, 512.025, 470.882, 295
0.067, 561.93, 452.514, 295
0.068, 602.676, 428.397, 295
0.069, 646.643, 391.066, 295
0.07, 693.037, 334.194, 295
0.071, 701.852, 308.863, 295
0.072, 713.156, 255.937, 295
0.073, 684.828, 235.642, 295
0.074, 681.497, 194.713, 295
0.075, 649.846, 164.945, 295
0.076, 618.009, 146.389, 295
0.077, 590.46, 133.705, 295
0.078, 555.714, 115.968, 295
0.079, 513.507, 101.454, 295
0.08, 490.267, 101.083, 295
0.081, 462.399, 92.4366, 295
0.082, 438.162, 86.6424, 295
0.083, 414.766, 79.0658, 295
0.084, 388.291, 74.5599, 295
0.085, 376.036, 65.6071, 295
0.086, 350.851, 61.7903, 295
0.087, 333.528, 58.2862, 295
0.088, 318.251, 54.24, 295
0.089, 302.811, 46.8373, 295
0.09, 293.064, 48.0292, 295
0.091, 280.127, 49.2848, 295
0.092, 264.001, 43.2646, 295
0.093, 255.253, 39.7448, 295
0.094, 247.178, 38.9217, 295
0.095, 234.455, 35.3527, 295
0.096, 224.917, 34.5587, 295
0.097, 217.37, 33.9302, 295
0.098, 208.148, 30.6883, 295
0.099, 200.99, 29.8681, 295
0.1, 195.329, 28.7538, 295
0.101, 187.41, 26.5477, 295
0.102, 180.678, 25.836, 295
0.103, 176.002, 26.1192, 295
0.104, 171.538, 25.7321, 295
0.105, 164.965, 24.3652, 295
0.106, 159.141, 21.5023, 295
0.107, 155.349, 22.2164, 295
0.108, 151.287, 20.8032, 295
0.109, 147.351, 20.456, 295
0.11, 141.857, 18.7891, 295
0.111, 137.235, 18.0773, 295
0.112, 133.75, 17.0067, 295
0.113, 131.199, 18.6267, 295
0.114, 126.881, 16.4065, 295
0.115, 124.657, 16.8355, 295
0.116, 121.026, 16.5578, 295
0.117, 117.393, 15.3236, 295
0.118, 115.773, 14.9451, 295
0.119, 112.453, 14.5083, 295
0.12, 110.02, 13.9736, 295
0.121, 107.618, 14.0668, 295
0.122, 105.191, 13.4458, 295
0.123, 102.374, 13.1914, 295
0.124, 100.849, 13.0631, 295
0.125, 97.944, 12.5503, 295
0.126, 95.8, 11.7082, 295
0.127, 94.222, 11.9575, 295
0.128, 91.729, 10.9932, 295
0.129, 90.725, 11.757, 295
0.13, 88.684, 11.033, 295
0.131, 87.592, 10.9594, 295
0.132, 85.454, 10.4231, 295
0.133, 83.59, 10.284, 295
0.134, 82.413, 10.1432, 295
0.135, 80.856, 9.79404, 295
0.136, 79.249, 9.4212, 295
0.137, 78.056, 9.57752, 295
0.138, 76.733, 9.32822, 295
0.139, 75.046, 9.25072, 295
0.14, 73.835, 9.04045, 295
0.141, 72.33, 8.6118, 295
0.142, 71.544, 8.72525, 295
0.143, 70.711, 8.90491, 295
0.144, 69.695, 8.3255, 295
0.145, 67.576, 7.84845, 295
0.146, 67.309, 8.34802, 295
0.147, 66.946, 8.34297, 295
0.148, 64.616, 7.77937, 295
0.149, 64.025, 7.70327, 295
0, 0, 0, 300
0.001, 0.004, 0.0893532, 300
0.002, 0.021, 0.196364, 300
0.003, 0.086, 0.417856, 300
0.004, 0.16, 0.529528, 300
0.005, 0.341, 0.769882, 300
0.006, 0.561, 0.953037, 300
0.007, 0.855, 1.13489, 300
0.008, 1.214, 1.25228, 300
0.009, 1.486, 1.21318, 300
0.01, 1.753, 1.28374, 300
0.011, 2.057, 1.32505, 300
0.012, 2.437, 1.50467, 300
0.013, 2.677, 1.42922, 300
0.014, 2.819, 1.48062, 300
0.015, 3.18, 1.59424, 300
0.016, 3.522, 1.83889, 300
0.017, 3.789, 1.76592, 300
0.018, 4.113, 2.03868, 300
0.019, 4.532, 1.99122, 300
0.02, 4.802, 1.99469, 300
0.021, 5.172, 2.23348, 300
0.022, 5.586, 2.29229, 300
0.023, 6.004, 2.61113, 300
0.024, 6.174, 2.62902, 300
0.025, 6.693, 2.78617, 300
0.026, 7.075, 3.0314, 300
0.027, 7.447, 2.97173, 300
0.028, 7.712, 3.09371, 300
0.029, 8.189, 3.31832, 300
0.03, 8.69, 3.79287, 300
0.031, 9.141, 4.07518, 300
0.032, 9.615, 4.38848, 300
0.033, 9.822, 4.15528, 300
0.034, 10.308, 4.09941, 300
0.035, 11.361, 4.91535, 300
0.036, 11.472, 4.33996, 300
0.037, 12.421, 5.02531, 300
0.038, 13.058, 5.44891, 300
0.039, 13.4, 5.37029, 300
0.04, 14.354, 6.44474, 300
0.041, 15.209, 6.86202, 300
0.042, 15.877, 6.63354, 300
0.043, 16.754, 7.71411, 300
0.044, 17.842, 9.18014, 300
0.045, 20.522, 45.973, 300
0.046, 19.618, 9.31827, 300
0.047, 27.078, 93.3137, 300
0.048, 27.472, 77.9937, 300
0.049, 23.462, 13.2609, 300
0.05, 31.938, 99.7751, 300
0.051, 32.902, 88.2718, 300
0.052, 35.643, 97.5396, 300
0.053, 49.119, 149.258, 300
0.054, 45.327, 122.293, 300
0.055, 69.559, 199.01, 300
0.056, 94.2, 252.973, 300
0.057, 93.79, 245.372, 300
0.058, 120.724, 293.68, 300
0.059, 153.621, 332.036, 300
0.06, 186.494, 360.852, 300
0.061, 247.231, 417.677, 300
0.062, 274.098, 428.758, 300
0.063, 340.62, 457.815, 300
0.064, 409.862, 479.818, 300
0.065, 438.301, 477.296, 300
0.066, 492.202, 469.77, 300
0.067, 563.775, 454.928, 300
0.068, 611.46, 431.613, 300
0.069, 688.577, 385.084, 300
0.07, 696.299, 346.931, 300
0.071, 718.73, 301.123, 300
0.072, 717.365, 256.797, 300
0.073, 708.378, 211.413, 300
0.074, 686.902, 187.227, 300
0.075, 650.622, 160.814, 300
0.076, 618.574, 148.647, 300
0.077, 584.196, 128.908, 300
0.078, 547.246, 109.916, 300
0.079, 522.222, 102.48, 300
0.08, 491.642, 96.4357, 300
0.081, 464.033, 90.4886, 300
0.082, 435.648, 83.8053, 300
0.083, 415.363, 80.6599, 300
0.084, 389.827, 73.7672, 300
0.085, 370.844, 64.9633, 300
0.086, 351.974, 62.547, 300
0.087, 335.168, 56.9217, 300
0.088, 320.289, 55.5516, 300
0.089, 303.941, 50.7571, 300
0.09, 292.439, 50.1441, 300
0.091, 276.831, 44.6025, 300
0.092, 267.963, 44.4015, 300
0.093, 254.586, 40.173, 300
0.094, 246.189, 38.2675, 300
0.095, 236.399, 36.8948, 300
0.096, 226.129, 34.5225, 300
0.097, 218.027, 32.1659, 300
0.098, 210.798, 32.3029, 300
0.099, 203.358, 30.8414, 300
0.1, 196.445, 29.7116, 300
0.101, 189.244, 28.4912, 300
0.102, 181.337, 24.4702, 300
0.103, 175.452, 25.2568, 300
0.104, 170.525, 24.096, 300
0.105, 163.901, 22.7562, 300
0.106, 159.805, 22.5128, 300
0.107, 156.016, 22.1693, 300
0.108, 150.539, 21.1196, 300
0.109, 146.207, 20.3783, 300
0.11, 141.823, 18.4901, 300
0.111, 138.325, 17.6094, 300
0.112, 134.649, 17.9927, 300
0.113, 130.529, 17.4469, 300
0.114, 127.434, 16.5237, 300
0.115, 124.565, 16.2703, 300
0.116, 121.568, 16.3965, 300
0.117, 118.517, 15.9708, 300
0.118, 115.743, 14.9822, 300
0.119, 112.494, 14.4315, 300
0.12, 110.611, 13.3724, 300
0.121, 107.51, 13.2882, 300
0.122, 104.816, 13.2923, 300
0.123, 102.772, 12.8903, 300
0.124, 100.699, 12.8511, 300
0.125, 98.344, 12.1333, 300
0.126, 96.642, 12.7169, 300
0.127, 93.854, 11.6147, 300
0.128, 92.581, 12.1951, 300
0.129, 90.51, 11.2251, 300
0.13, 89.162, 11.1073, 300
0.131, 87.057, 11.1817, 300
0.132, 85.447, 10.3194, 300
0.133, 83.535, 9.96187, 300
0.134, 82.291, 10.0276, 300
0.135, 81.013, 10.1236, 300
0.136, 79.294, 9.33111, 300
0.137, 77.869, 9.42602, 300
0.138, 76.64, 9.22022, 300
0.139, 75.326, 8.68434, 300
0.14, 73.772, 8.71149, 300
0.141, 72.627, 8.46628, 300
0.142, 71.339, 8.91191, 300
0.143, 70.703, 8.36187, 300
0.144, 68.955, 8.14942, 300
0.145, 68.193, 8.06385, 300
0.146, 67.582, 8.20459, 300
0.147, 66.019, 7.73968, 300
0.148, 65.664, 8.03624, 300
0.149, 64.208, 7.85931, 300

Processor time: 127000.

Wall time: 126995s.
