This function calculates N(6, 3, p).

Parameters: #simulations = 1000.
p from 0 to 0.15 step 0.001.

p, N(p), SD, size.

0, 0, 0, 305
0.001, 0.006, 0.0998198, 305
0.002, 0.045, 0.281025, 305
0.003, 0.075, 0.365205, 305
0.004, 0.187, 0.577954, 305
0.005, 0.368, 0.781394, 305
0.006, 0.627, 0.955966, 305
0.007, 0.886, 1.13358, 305
0.008, 1.225, 1.16292, 305
0.009, 1.492, 1.25855, 305
0.01, 1.814, 1.30208, 305
0.011, 2.207, 1.4086, 305
0.012, 2.387, 1.35839, 305
0.013, 2.627, 1.53358, 305
0.014, 2.994, 1.61182, 305
0.015, 3.279, 1.67904, 305
0.016, 3.524, 1.68506, 305
0.017, 3.867, 1.83883, 305
0.018, 4.157, 1.97341, 305
0.019, 4.504, 1.91154, 305
0.02, 4.788, 2.07775, 305
0.021, 5.28, 2.29861, 305
0.022, 5.607, 2.55706, 305
0.023, 5.96, 2.29922, 305
0.024, 6.301, 2.62762, 305
0.025, 6.593, 2.88918, 305
0.026, 6.996, 2.77452, 305
0.027, 7.589, 2.97255, 305
0.028, 7.742, 3.14125, 305
0.029, 8.361, 3.37412, 305
0.03, 8.673, 3.81026, 305
0.031, 8.97, 3.34232, 305
0.032, 9.499, 3.68511, 305
0.033, 10.088, 4.06205, 305
0.034, 10.822, 4.63447, 305
0.035, 11.204, 4.50271, 305
0.036, 11.816, 4.51599, 305
0.037, 12.298, 4.77611, 305
0.038, 13.093, 5.2671, 305
0.039, 13.812, 5.85018, 305
0.04, 14.687, 6.52833, 305
0.041, 15.074, 6.13144, 305
0.042, 16.043, 7.44279, 305
0.043, 16.836, 8.44056, 305
0.044, 18.628, 15.5626, 305
0.045, 20.991, 52.5648, 305
0.046, 20.482, 10.4846, 305
0.047, 21.476, 11.0888, 305
0.048, 22.374, 11.8588, 305
0.049, 25.351, 51.8202, 305
0.05, 32.676, 109.233, 305
0.051, 32.001, 89.2849, 305
0.052, 43.667, 138.494, 305
0.053, 42.499, 120.352, 305
0.054, 61.937, 185.418, 305
0.055, 65.18, 189.918, 305
0.056, 78.665, 217.233, 305
0.057, 89.93, 238.437, 305
0.058, 111.566, 275.685, 305
0.059, 156.316, 333.305, 305
0.06, 188.153, 367.362, 305
0.061, 265.272, 436.594, 305
0.062, 292.339, 447.196, 305
0.063, 330.612, 455.188, 305
0.064, 432.54, 491.159, 305
0.065, 483.457, 491.709, 305
0.066, 527.177, 487.356, 305
0.067, 587.359, 463.489, 305
0.068, 656.838, 429.676, 305
0.069, 679.804, 387.816, 305
0.07, 706.622, 352.341, 305
0.071, 723.989, 294.103, 305
0.072, 727.861, 252.376, 305
0.073, 712.738, 208.504, 305
0.074, 690.62, 181.935, 305
0.075, 670.132, 159.251, 305
0.076, 634.16, 143.935, 305
0.077, 592.561, 124.126, 305
0.078, 562.946, 125.815, 305
0.079, 516.35, 101.7, 305
0.08, 490.725, 99.3872, 305
0.081, 459.877, 90.014, 305
0.082, 441.869, 85.5715, 305
0.083, 411.591, 73.2885, 305
0.084, 391.482, 71.8345, 305
0.085, 368.816, 66.4395, 305
0.086, 355.026, 62.802, 305
0.087, 336.538, 59.5055, 305
0.088, 319.487, 53.8043, 305
0.089, 306.097, 52.665, 305
0.09, 292.927, 49.8243, 305
0.091, 278.69, 46.5095, 305
0.092, 268.04, 45.0077, 305
0.093, 254.024, 39.5963, 305
0.094, 244.977, 38.893, 305
0.095, 235.557, 36.1532, 305
0.096, 228.536, 35.3078, 305
0.097, 216.621, 33.3458, 305
0.098, 209.687, 31.0932, 305
0.099, 202.019, 29.8174, 305
0.1, 195.402, 29.0076, 305
0.101, 189.325, 27.5713, 305
0.102, 182.047, 25.9141, 305
0.103, 176.7, 24.4314, 305
0.104, 170.37, 24.9503, 305
0.105, 165.893, 23.1831, 305
0.106, 160.475, 22.4427, 305
0.107, 155.365, 20.7288, 305
0.108, 150.928, 21.1692, 305
0.109, 146.583, 19.6818, 305
0.11, 142.641, 19.6105, 305
0.111, 138.395, 18.1275, 305
0.112, 134.694, 18.4988, 305
0.113, 130.077, 16.1108, 305
0.114, 128.145, 16.4964, 305
0.115, 124.948, 16.4276, 305
0.116, 121.183, 16.3477, 305
0.117, 118.179, 15.369, 305
0.118, 114.926, 14.6615, 305
0.119, 112.525, 13.6189, 305
0.12, 110.686, 14.5498, 305
0.121, 107.077, 13.996, 305
0.122, 105.566, 13.2858, 305
0.123, 103.682, 13.2137, 305
0.124, 100.368, 12.1618, 305
0.125, 99.302, 12.5684, 305
0.126, 96.337, 11.8029, 305
0.127, 94.626, 12.0276, 305
0.128, 93.175, 11.2518, 305
0.129, 90.623, 11.5498, 305
0.13, 88.657, 10.9321, 305
0.131, 87.106, 10.1918, 305
0.132, 85.412, 10.1301, 305
0.133, 84.033, 9.96102, 305
0.134, 82.098, 9.69094, 305
0.135, 80.997, 10.1486, 305
0.136, 79.519, 9.72942, 305
0.137, 78.561, 9.39991, 305
0.138, 76.722, 9.13141, 305
0.139, 75.535, 9.45329, 305
0.14, 73.943, 8.98375, 305
0.141, 72.838, 8.96079, 305
0.142, 71.606, 8.56602, 305
0.143, 70.717, 8.85443, 305
0.144, 69.145, 8.17374, 305
0.145, 68.227, 8.4995, 305
0.146, 67.178, 8.03581, 305
0.147, 66.122, 8.071, 305
0.148, 65.44, 7.61435, 305
0.149, 64.731, 7.87456, 305
0, 0, 0, 310
0.001, 0.005, 0.0947365, 310
0.002, 0.022, 0.198786, 310
0.003, 0.095, 0.421871, 310
0.004, 0.178, 0.548011, 310
0.005, 0.409, 0.81469, 310
0.006, 0.639, 1.02698, 310
0.007, 0.827, 1.05597, 310
0.008, 1.203, 1.19824, 310
0.009, 1.543, 1.22725, 310
0.01, 1.749, 1.13842, 310
0.011, 2.159, 1.31671, 310
0.012, 2.455, 1.34535, 310
0.013, 2.764, 1.51404, 310
0.014, 2.973, 1.5615, 310
0.015, 3.271, 1.63571, 310
0.016, 3.596, 1.84683, 310
0.017, 3.906, 1.89978, 310
0.018, 4.128, 1.97272, 310
0.019, 4.548, 2.00092, 310
0.02, 4.968, 2.09117, 310
0.021, 5.314, 2.27627, 310
0.022, 5.646, 2.87414, 310
0.023, 5.925, 2.64034, 310
0.024, 6.193, 2.29036, 310
0.025, 6.774, 2.88148, 310
0.026, 7.087, 2.83115, 310
0.027, 7.543, 2.91241, 310
0.028, 8.132, 3.26138, 310
0.029, 8.175, 3.0978, 310
0.03, 8.832, 3.63673, 310
0.031, 9.101, 3.53734, 310
0.032, 9.733, 3.86209, 310
0.033, 10.025, 4.04059, 310
0.034, 11.12, 5.18301, 310
0.035, 11.494, 4.44904, 310
0.036, 11.844, 5.08327, 310
0.037, 12.449, 5.0376, 310
0.038, 13.299, 7.6966, 310
0.039, 13.644, 5.57739, 310
0.04, 15.026, 7.79957, 310
0.041, 14.937, 6.45159, 310
0.042, 16.046, 6.60575, 310
0.043, 16.738, 7.5584, 310
0.044, 17.782, 8.32265, 310
0.045, 20.293, 47.5741, 310
0.046, 20.317, 10.5877, 310
0.047, 21.669, 11.6243, 310
0.048, 26.962, 83.1768, 310
0.049, 27.472, 72.5652, 310
0.05, 32.724, 95.0498, 310
0.051, 32.326, 81.3508, 310
0.052, 37.074, 101.415, 310
0.053, 51.213, 160.181, 310
0.054, 56.358, 176.91, 310
0.055, 56.936, 166.04, 310
0.056, 79.02, 220.432, 310
0.057, 113.914, 283.465, 310
0.058, 125.809, 305.041, 310
0.059, 180.547, 371.214, 310
0.06, 214.458, 398.716, 310
0.061, 266.174, 435.791, 310
0.062, 292.034, 446.717, 310
0.063, 357.907, 480.172, 310
0.064, 406.305, 482.834, 310
0.065, 473.525, 494.546, 310
0.066, 539.858, 484.276, 310
0.067, 601.914, 464.96, 310
0.068, 662.818, 430.616, 310
0.069, 711.9, 384.599, 310
0.07, 729.892, 336.456, 310
0.071, 743.254, 298.522, 310
0.072, 733.239, 263.692, 310
0.073, 718.385, 218.174, 310
0.074, 691, 182.55, 310
0.075, 662.927, 163.654, 310
0.076, 631.591, 138.568, 310
0.077, 589.875, 119.605, 310
0.078, 552.838, 116.974, 310
0.079, 521.305, 106.375, 310
0.08, 489.994, 92.7846, 310
0.081, 464.554, 88.746, 310
0.082, 436.409, 79.9645, 310
0.083, 414.32, 78.9899, 310
0.084, 392.439, 71.5215, 310
0.085, 369.788, 63.6408, 310
0.086, 353.16, 61.7001, 310
0.087, 334.073, 58.5217, 310
0.088, 320.586, 56.0017, 310
0.089, 303.629, 51.264, 310
0.09, 290.029, 47.8344, 310
0.091, 277.635, 44.881, 310
0.092, 266.922, 42.0356, 310
0.093, 256.266, 41.3286, 310
0.094, 245.158, 37.157, 310
0.095, 236.229, 35.6082, 310
0.096, 227.396, 34.5009, 310
0.097, 217.008, 33.7057, 310
0.098, 211.245, 31.2895, 310
0.099, 204.462, 30.6119, 310
0.1, 194.728, 28.5175, 310
0.101, 189.244, 27.4197, 310
0.102, 182.023, 25.5741, 310
0.103, 176.287, 24.8119, 310
0.104, 170.75, 23.6349, 310
0.105, 165.222, 23.3002, 310
0.106, 160.863, 22.5457, 310
0.107, 157.63, 21.5923, 310
0.108, 150.878, 20.4522, 310
0.109, 146.341, 19.9221, 310
0.11, 142.912, 20.3927, 310
0.111, 138.283, 18.9464, 310
0.112, 135.976, 17.9436, 310
0.113, 130.927, 17.9923, 310
0.114, 128.814, 16.3487, 310
0.115, 124.087, 15.9715, 310
0.116, 121.87, 16.199, 310
0.117, 117.832, 14.5971, 310
0.118, 115.492, 14.5104, 310
0.119, 112.45, 14.2556, 310
0.12, 110.116, 13.7042, 310
0.121, 108.189, 13.9726, 310
0.122, 104.893, 13.1668, 310
0.123, 102.817, 12.7351, 310
0.124, 100.98, 12.4835, 310
0.125, 99.063, 12.3032, 310
0.126, 97.036, 11.9172, 310
0.127, 94.232, 12.0262, 310
0.128, 92.655, 11.6045, 310
0.129, 90.872, 11.1973, 310
0.13, 89.098, 10.9609, 310
0.131, 87.215, 10.4782, 310
0.132, 85.573, 10.4468, 310
0.133, 84.397, 10.2489, 310
0.134, 82.748, 10.4551, 310
0.135, 80.727, 9.70796, 310
0.136, 79.788, 10.026, 310
0.137, 78.215, 9.0352, 310
0.138, 77.584, 9.47591, 310
0.139, 75.776, 9.34344, 310
0.14, 74.448, 9.29942, 310
0.141, 72.745, 8.21803, 310
0.142, 72.008, 8.51903, 310
0.143, 70.637, 8.1919, 310
0.144, 69.379, 8.06172, 310
0.145, 68.37, 8.28451, 310
0.146, 67.196, 7.94088, 310
0.147, 66.607, 8.22694, 310
0.148, 65.237, 7.81274, 310
0.149, 64.429, 7.47121, 310
0, 0, 0, 315
0.001, 0.002, 0.0632139, 315
0.002, 0.016, 0.172464, 315
0.003, 0.084, 0.403663, 315
0.004, 0.195, 0.575304, 315
0.005, 0.378, 0.791907, 315
0.006, 0.67, 1.01445, 315
0.007, 0.918, 1.16158, 315
0.008, 1.252, 1.25479, 315
0.009, 1.539, 1.26352, 315
0.01, 1.914, 1.34037, 315
0.011, 2.192, 1.32028, 315
0.012, 2.421, 1.36812, 315
0.013, 2.637, 1.33463, 315
0.014, 3.014, 1.5575, 315
0.015, 3.308, 1.66106, 315
0.016, 3.656, 1.79044, 315
0.017, 3.824, 1.74958, 315
0.018, 4.354, 1.9826, 315
0.019, 4.709, 2.11479, 315
0.02, 5.016, 2.11607, 315
0.021, 5.475, 2.35146, 315
0.022, 5.682, 2.18652, 315
0.023, 5.992, 2.82877, 315
0.024, 6.407, 2.62056, 315
0.025, 6.864, 3.02647, 315
0.026, 7.143, 2.72847, 315
0.027, 7.534, 3.0898, 315
0.028, 7.876, 3.02962, 315
0.029, 8.307, 3.09496, 315
0.03, 8.897, 3.63241, 315
0.031, 9.374, 3.71297, 315
0.032, 9.715, 3.76587, 315
0.033, 10.508, 4.75478, 315
0.034, 10.915, 4.33079, 315
0.035, 11.352, 4.62127, 315
0.036, 12.249, 4.90887, 315
0.037, 12.793, 5.97161, 315
0.038, 13.451, 5.62633, 315
0.039, 13.865, 5.78626, 315
0.04, 14.524, 5.64884, 315
0.041, 15.637, 7.82453, 315
0.042, 16.348, 7.08723, 315
0.043, 17.473, 9.2428, 315
0.044, 18.099, 8.38923, 315
0.045, 19.644, 10.83, 315
0.046, 21.671, 38.5442, 315
0.047, 21.307, 10.4545, 315
0.048, 23.169, 12.5312, 315
0.049, 26.457, 43.9604, 315
0.05, 29.789, 73.735, 315
0.051, 30.286, 55.9463, 315
0.052, 43.736, 136.046, 315
0.053, 51.553, 162.952, 315
0.054, 53.881, 160.797, 315
0.055, 68.157, 199.35, 315
0.056, 90.341, 252.267, 315
0.057, 106.985, 279.707, 315
0.058, 137.331, 320.694, 315
0.059, 161.399, 352.582, 315
0.06, 201.191, 385.808, 315
0.061, 251.219, 427.872, 315
0.062, 328.622, 471.239, 315
0.063, 377.868, 491.717, 315
0.064, 438.197, 501.665, 315
0.065, 506.873, 505.591, 315
0.066, 597.445, 485.699, 315
0.067, 645.057, 469.107, 315
0.068, 677.648, 433.977, 315
0.069, 732.85, 382.44, 315
0.07, 745.362, 338.586, 315
0.071, 757.639, 285.164, 315
0.072, 758.019, 246.375, 315
0.073, 734.927, 191.909, 315
0.074, 694.399, 178.389, 315
0.075, 664.356, 145.385, 315
0.076, 628.309, 144.196, 315
0.077, 595.915, 128.027, 315
0.078, 554.768, 116.857, 315
0.079, 521.653, 102.061, 315
0.08, 491.126, 98.5547, 315
0.081, 464.387, 90.4563, 315
0.082, 434.898, 80.6442, 315
0.083, 412.583, 75.2619, 315
0.084, 391.597, 71.7674, 315
0.085, 371.748, 64.7012, 315
0.086, 352.244, 61.1569, 315
0.087, 335.328, 57.3446, 315
0.088, 319.222, 55.3732, 315
0.089, 304.731, 49.0817, 315
0.09, 293.187, 46.5716, 315
0.091, 278.799, 42.4817, 315
0.092, 265.458, 42.0761, 315
0.093, 256.148, 40.9532, 315
0.094, 245.774, 38.2176, 315
0.095, 236.294, 37.3725, 315
0.096, 225.645, 33.0117, 315
0.097, 220.615, 35.5867, 315
0.098, 210.098, 31.6165, 315
0.099, 203.069, 29.2919, 315
0.1, 194.641, 28.0401, 315
0.101, 189.992, 27.7755, 315
0.102, 181.837, 26.045, 315
0.103, 176.885, 26.188, 315
0.104, 170.854, 24.3582, 315
0.105, 167.086, 24.3048, 315
0.106, 159.193, 21.4656, 315
0.107, 155.528, 21.3208, 315
0.108, 151.353, 20.2605, 315
0.109, 147.282, 19.948, 315
0.11, 142.034, 18.3496, 315
0.111, 139.617, 18.6187, 315
0.112, 135.657, 18.6288, 315
0.113, 129.967, 16.6979, 315
0.114, 128.831, 17.6742, 315
0.115, 125.236, 17.0249, 315
0.116, 121.55, 15.5786, 315
0.117, 119.043, 15.6581, 315
0.118, 115.278, 14.9044, 315
0.119, 112.353, 13.9302, 315
0.12, 110.203, 14.1275, 315
0.121, 107.691, 13.2141, 315
0.122, 105.037, 13.6637, 315
0.123, 103.322, 13.0918, 315
0.124, 100.725, 12.7427, 315
0.125, 98.817, 12.0575, 315
0.126, 96.909, 12.0691, 315
0.127, 94.425, 11.5249, 315
0.128, 92.828, 11.4309, 315
0.129, 91.311, 11.0568, 315
0.13, 88.668, 10.5791, 315
0.131, 87.195, 10.5948, 315
0.132, 85.058, 10.0629, 315
0.133, 83.778, 10.3279, 315
0.134, 82.499, 9.88281, 315
0.135, 80.911, 9.39506, 315
0.136, 79.55, 9.94623, 315
0.137, 78.106, 9.18721, 315
0.138, 76.768, 9.10396, 315
0.139, 75.533, 9.00038, 315
0.14, 74.226, 9.13394, 315
0.141, 72.999, 8.23329, 315
0.142, 72.131, 9.25872, 315
0.143, 71.174, 8.74961, 315
0.144, 69.675, 8.07486, 315
0.145, 68.561, 8.38977, 315
0.146, 67.15, 7.86915, 315
0.147, 66.372, 8.0192, 315
0.148, 65.634, 7.54785, 315
0.149, 64.416, 7.62712, 315
0, 0, 0, 320
0.001, 0.005, 0.0947365, 320
0.002, 0.026, 0.23092, 320
0.003, 0.092, 0.409312, 320
0.004, 0.202, 0.595983, 320
0.005, 0.406, 0.866697, 320
0.006, 0.688, 0.978088, 320
0.007, 0.899, 1.10851, 320
0.008, 1.347, 1.24201, 320
0.009, 1.577, 1.2174, 320
0.01, 1.966, 1.31181, 320
0.011, 2.25, 1.43858, 320
0.012, 2.489, 1.36524, 320
0.013, 2.85, 1.59609, 320
0.014, 3.102, 1.61295, 320
0.015, 3.466, 1.74953, 320
0.016, 3.675, 1.75253, 320
0.017, 4.147, 2.01777, 320
0.018, 4.349, 2.0033, 320
0.019, 4.706, 2.19125, 320
0.02, 5.054, 2.06085, 320
0.021, 5.465, 2.28008, 320
0.022, 5.762, 2.52336, 320
0.023, 6.059, 2.38191, 320
0.024, 6.469, 2.59905, 320
0.025, 6.746, 2.50309, 320
0.026, 7.298, 2.75703, 320
0.027, 7.599, 3.02295, 320
0.028, 7.882, 2.86567, 320
0.029, 8.43, 3.20236, 320
0.03, 8.876, 3.45552, 320
0.031, 9.429, 3.80696, 320
0.032, 10.014, 3.97011, 320
0.033, 10.587, 4.40686, 320
0.034, 10.953, 4.55464, 320
0.035, 11.585, 4.65905, 320
0.036, 12.23, 5.15898, 320
0.037, 12.642, 5.01935, 320
0.038, 13.255, 5.19653, 320
0.039, 14.318, 7.78594, 320
0.04, 15.372, 8.10997, 320
0.041, 15.524, 6.29011, 320
0.042, 16.306, 6.97512, 320
0.043, 16.945, 7.6264, 320
0.044, 18.571, 8.45381, 320
0.045, 19.315, 9.35862, 320
0.046, 20.106, 10.2321, 320
0.047, 21.948, 19.3279, 320
0.048, 24.055, 15.9247, 320
0.049, 25.812, 47.311, 320
0.05, 29.98, 78.86, 320
0.051, 33.181, 82.6418, 320
0.052, 42.522, 132.431, 320
0.053, 52.331, 162.784, 320
0.054, 63.715, 193.762, 320
0.055, 73.419, 218.154, 320
0.056, 81.513, 234.049, 320
0.057, 120.967, 304.484, 320
0.058, 133.269, 327.298, 320
0.059, 184.453, 379.558, 320
0.06, 210.774, 398.403, 320
0.061, 262.382, 445.393, 320
0.062, 341.173, 488.107, 320
0.063, 370.152, 491.78, 320
0.064, 466.635, 515.33, 320
0.065, 534.702, 514.078, 320
0.066, 590.496, 500.822, 320
0.067, 665.322, 470.573, 320
0.068, 705.562, 434.76, 320
0.069, 726.017, 389.395, 320
0.07, 764.675, 337.834, 320
0.071, 782.188, 288.844, 320
0.072, 765.842, 236.999, 320
0.073, 726.816, 207.506, 320
0.074, 716.085, 179.258, 320
0.075, 672.152, 150.791, 320
0.076, 632.614, 137.576, 320
0.077, 593.166, 126.076, 320
0.078, 552.251, 110.746, 320
0.079, 526.334, 102.042, 320
0.08, 491.578, 97.2755, 320
0.081, 470.146, 89.2154, 320
0.082, 436.064, 82.311, 320
0.083, 417.904, 76.1128, 320
0.084, 392.116, 70.0607, 320
0.085, 372.344, 64.5509, 320
0.086, 355.404, 62.1977, 320
0.087, 337.561, 55.2031, 320
0.088, 318.199, 53.468, 320
0.089, 305.605, 51.0507, 320
0.09, 293.285, 47.7134, 320
0.091, 281.591, 47.3592, 320
0.092, 265.669, 40.5099, 320
0.093, 255.118, 38.3993, 320
0.094, 245.397, 38.7509, 320
0.095, 235.542, 36.0491, 320
0.096, 227.007, 33.5564, 320
0.097, 216.897, 31.5592, 320
0.098, 209.495, 31.1814, 320
0.099, 202.987, 29.5993, 320
0.1, 195.118, 27.4105, 320
0.101, 188.909, 28.0592, 320
0.102, 181.441, 25.3194, 320
0.103, 176.765, 26.0747, 320
0.104, 169.98, 23.2267, 320
0.105, 164.865, 22.7806, 320
0.106, 160.263, 22.1089, 320
0.107, 155.14, 20.067, 320
0.108, 151.172, 20.394, 320
0.109, 147.097, 19.5786, 320
0.11, 142.46, 19.1429, 320
0.111, 138.445, 17.514, 320
0.112, 134.437, 17.7477, 320
0.113, 130.288, 17.3487, 320
0.114, 128.643, 17.4736, 320
0.115, 125.608, 16.664, 320
0.116, 121.268, 15.4908, 320
0.117, 118.217, 14.4787, 320
0.118, 115.818, 15.2337, 320
0.119, 113.566, 14.4112, 320
0.12, 110.325, 13.7687, 320
0.121, 108.581, 14.0971, 320
0.122, 105.406, 13.2016, 320
0.123, 102.969, 12.9572, 320
0.124, 101.154, 12.7192, 320
0.125, 99.109, 12.3277, 320
0.126, 96.735, 12.1363, 320
0.127, 95.365, 11.1975, 320
0.128, 92.993, 11.8299, 320
0.129, 91.195, 11.1354, 320
0.13, 89.651, 11.4876, 320
0.131, 88.05, 10.8197, 320
0.132, 85.818, 10.0665, 320
0.133, 84.041, 10.0555, 320
0.134, 82.767, 10.1529, 320
0.135, 81.444, 10.4185, 320
0.136, 79.525, 9.02083, 320
0.137, 78.008, 9.01121, 320
0.138, 77.12, 9.20128, 320
0.139, 75.762, 9.2642, 320
0.14, 74.411, 8.66845, 320
0.141, 72.82, 8.16319, 320
0.142, 72.102, 8.35114, 320
0.143, 70.769, 8.42233, 320
0.144, 69.555, 8.31029, 320
0.145, 68.278, 7.85804, 320
0.146, 67.416, 7.60348, 320
0.147, 66.566, 7.73186, 320
0.148, 65.21, 7.60026, 320
0.149, 64.499, 7.33894, 320
0, 0, 0, 325
0.001, 0.005, 0.0947365, 325
0.002, 0.028, 0.22631, 325
0.003, 0.098, 0.43863, 325
0.004, 0.205, 0.597474, 325
0.005, 0.447, 0.89955, 325
0.006, 0.649, 1.0468, 325
0.007, 0.948, 1.15814, 325
0.008, 1.39, 1.32133, 325
0.009, 1.649, 1.30683, 325
0.01, 1.905, 1.28685, 325
0.011, 2.168, 1.32279, 325
0.012, 2.542, 1.40223, 325
0.013, 2.91, 1.52902, 325
0.014, 3.102, 1.54777, 325
0.015, 3.437, 1.80223, 325
0.016, 3.719, 1.67512, 325
0.017, 4.031, 1.87404, 325
0.018, 4.295, 1.87136, 325
0.019, 4.716, 1.97619, 325
0.02, 5.172, 2.14672, 325
0.021, 5.402, 2.35423, 325
0.022, 5.876, 2.2169, 325
0.023, 6.26, 2.67477, 325
0.024, 6.566, 2.63432, 325
0.025, 6.729, 2.60913, 325
0.026, 7.198, 2.7851, 325
0.027, 7.706, 3.0278, 325
0.028, 7.969, 3.07149, 325
0.029, 8.519, 3.57626, 325
0.03, 8.934, 3.51392, 325
0.031, 9.447, 3.92596, 325
0.032, 10.201, 4.10909, 325
0.033, 10.54, 4.18717, 325
0.034, 11.102, 4.34046, 325
0.035, 11.931, 4.85142, 325
0.036, 12.31, 5.07325, 325
0.037, 12.999, 5.36889, 325
0.038, 13.569, 5.21893, 325
0.039, 14.055, 5.59178, 325
0.04, 14.8, 6.57739, 325
0.041, 15.854, 6.96166, 325
0.042, 16.346, 7.2918, 325
0.043, 17.938, 8.99823, 325
0.044, 18.81, 8.76595, 325
0.045, 19.728, 8.99, 325
0.046, 20.114, 9.94781, 325
0.047, 21.942, 13.8858, 325
0.048, 26.114, 63.0187, 325
0.049, 25.919, 38.4739, 325
0.05, 28.204, 47.6983, 325
0.051, 37.85, 120.773, 325
0.052, 41.254, 120.521, 325
0.053, 45.935, 132.305, 325
0.054, 60.901, 179.849, 325
0.055, 74.022, 218.818, 325
0.056, 99.129, 268.935, 325
0.057, 112.116, 286.219, 325
0.058, 153.602, 348.504, 325
0.059, 180.193, 371.668, 325
0.06, 236.736, 431.7, 325
0.061, 261.088, 440.352, 325
0.062, 348.059, 493.642, 325
0.063, 415.205, 516.086, 325
0.064, 459.833, 511.795, 325
0.065, 581.59, 520.657, 325
0.066, 622.651, 506.778, 325
0.067, 664.835, 479.483, 325
0.068, 721.913, 443.38, 325
0.069, 756.494, 388.155, 325
0.07, 799.466, 324.413, 325
0.071, 778.513, 285.112, 325
0.072, 771.575, 248.008, 325
0.073, 734.123, 206.568, 325
0.074, 710.641, 172.378, 325
0.075, 684.555, 150.744, 325
0.076, 629.284, 128.534, 325
0.077, 593.172, 125.448, 325
0.078, 554.327, 110.375, 325
0.079, 522.646, 101.57, 325
0.08, 498.72, 98.0191, 325
0.081, 467.224, 87.6077, 325
0.082, 445.406, 85.5468, 325
0.083, 411.778, 76.8461, 325
0.084, 392.383, 70.4404, 325
0.085, 370.102, 64.0982, 325
0.086, 355.214, 60.8865, 325
0.087, 337.312, 57.0438, 325
0.088, 322.883, 55.2781, 325
0.089, 307.415, 48.4197, 325
0.09, 291.782, 45.1653, 325
0.091, 280.526, 44.2098, 325
0.092, 267.591, 40.3652, 325
0.093, 257.93, 39.4968, 325
0.094, 245.425, 36.6657, 325
0.095, 236.112, 35.5485, 325
0.096, 229.519, 36.2551, 325
0.097, 217.794, 32.6335, 325
0.098, 209.748, 29.5533, 325
0.099, 202.112, 29.315, 325
0.1, 195.049, 27.9947, 325
0.101, 189.393, 26.4058, 325
0.102, 183.306, 26.2096, 325
0.103, 176.537, 25.5336, 325
0.104, 171.271, 23.4718, 325
0.105, 166.533, 23.4721, 325
0.106, 160.493, 21.5433, 325
0.107, 155.874, 21.3387, 325
0.108, 150.878, 19.6365, 325
0.109, 147.514, 20.3885, 325
0.11, 143.257, 18.9223, 325
0.111, 138.803, 18.406, 325
0.112, 134.678, 16.7542, 325
0.113, 131.756, 17.2643, 325
0.114, 127.132, 16.1198, 325
0.115, 124.97, 15.6075, 325
0.116, 122.26, 15.9093, 325
0.117, 119.407, 16.4953, 325
0.118, 115.657, 14.2074, 325
0.119, 113.199, 14.386, 325
0.12, 110.973, 14.493, 325
0.121, 108.577, 13.5707, 325
0.122, 106.273, 13.6733, 325
0.123, 102.964, 12.5059, 325
0.124, 101.411, 12.7653, 325
0.125, 98.499, 12.3227, 325
0.126, 96.861, 12.5614, 325
0.127, 94.749, 11.091, 325
0.128, 92.688, 11.7349, 325
0.129, 90.373, 10.8777, 325
0.13, 89.616, 11.0334, 325
0.131, 88.076, 10.8039, 325
0.132, 85.583, 9.84191, 325
0.133, 83.839, 10.5304, 325
0.134, 82.659, 10.0799, 325
0.135, 80.869, 9.16307, 325
0.136, 79.707, 9.71469, 325
0.137, 78.391, 9.39916, 325
0.138, 77.066, 8.78963, 325
0.139, 75.576, 8.74232, 325
0.14, 74.392, 8.66293, 325
0.141, 73.356, 8.62492, 325
0.142, 72.217, 8.94896, 325
0.143, 70.682, 8.50452, 325
0.144, 69.702, 8.32485, 325
0.145, 68.585, 8.66041, 325
0.146, 67.681, 7.74011, 325
0.147, 67.068, 7.96325, 325
0.148, 65.284, 8.04297, 325
0.149, 64.668, 8.02819, 325
0, 0, 0, 330
0.001, 0.001, 0.031607, 330
0.002, 0.02, 0.18868, 330
0.003, 0.087, 0.399288, 330
0.004, 0.187, 0.549573, 330
0.005, 0.413, 0.828511, 330
0.006, 0.723, 1.00711, 330
0.007, 0.928, 1.0549, 330
0.008, 1.369, 1.25811, 330
0.009, 1.649, 1.22139, 330
0.01, 2.001, 1.30192, 330
0.011, 2.246, 1.24398, 330
0.012, 2.479, 1.26632, 330
0.013, 2.808, 1.58276, 330
0.014, 3.021, 1.48747, 330
0.015, 3.492, 1.82097, 330
0.016, 3.792, 1.75406, 330
0.017, 4.09, 1.87187, 330
0.018, 4.477, 2.01432, 330
0.019, 4.801, 2.08072, 330
0.02, 5.104, 2.15155, 330
0.021, 5.525, 2.27582, 330
0.022, 5.936, 2.4625, 330
0.023, 6.179, 2.64253, 330
0.024, 6.668, 2.57212, 330
0.025, 6.994, 2.85971, 330
0.026, 7.463, 3.07874, 330
0.027, 7.843, 3.15695, 330
0.028, 8.068, 3.35967, 330
0.029, 8.609, 3.25548, 330
0.03, 9.058, 3.53478, 330
0.031, 9.537, 4.08003, 330
0.032, 9.921, 3.77634, 330
0.033, 10.666, 4.67701, 330
0.034, 11.259, 4.53651, 330
0.035, 11.951, 5.16455, 330
0.036, 12.286, 4.82122, 330
0.037, 12.87, 5.20395, 330
0.038, 13.913, 6.25775, 330
0.039, 14.357, 6.2544, 330
0.04, 15.2, 7.85837, 330
0.041, 16.107, 7.38915, 330
0.042, 17.117, 8.02118, 330
0.043, 17.764, 7.659, 330
0.044, 18.31, 7.45412, 330
0.045, 19.528, 9.3875, 330
0.046, 21.412, 12.4089, 330
0.047, 21.96, 12.1277, 330
0.048, 25.66, 41.5623, 330
0.049, 28.608, 68.579, 330
0.05, 26.447, 13.6448, 330
0.051, 33.888, 97.2973, 330
0.052, 48.631, 165.819, 330
0.053, 45.846, 129.537, 330
0.054, 61.133, 183.672, 330
0.055, 78.732, 232.985, 330
0.056, 100.904, 278.372, 330
0.057, 113.5, 292.405, 330
0.058, 138.45, 330.641, 330
0.059, 193.836, 400.492, 330
0.06, 226.238, 420.934, 330
0.061, 282.371, 466.817, 330
0.062, 349.645, 501.686, 330
0.063, 420.082, 521.537, 330
0.064, 482.642, 525.016, 330
0.065, 553.842, 527.701, 330
0.066, 613.41, 515.057, 330
0.067, 717.428, 472.528, 330
0.068, 757.136, 441.695, 330
0.069, 786.025, 372.374, 330
0.07, 790.175, 336.855, 330
0.071, 797.931, 270.583, 330
0.072, 776.63, 240.013, 330
0.073, 747.2, 212.903, 330
0.074, 720.631, 181.184, 330
0.075, 674.766, 156.434, 330
0.076, 635.159, 139.81, 330
0.077, 598.648, 121.436, 330
0.078, 560.067, 113.289, 330
0.079, 525.072, 101.785, 330
0.08, 489.888, 96.3661, 330
0.081, 462.19, 81.8067, 330
0.082, 441.771, 81.8456, 330
0.083, 415.603, 75.04, 330
0.084, 395.735, 72.2014, 330
0.085, 374.72, 65.7266, 330
0.086, 355.894, 60.6543, 330
0.087, 336.232, 56.4301, 330
0.088, 323.67, 54.4744, 330
0.089, 307.273, 50.18, 330
0.09, 293.081, 47.0534, 330
0.091, 280.752, 44.7065, 330
0.092, 266.788, 41.6971, 330
0.093, 259.002, 40.6678, 330
0.094, 244.667, 37.1887, 330
0.095, 235.311, 35.4214, 330
0.096, 228.276, 33.6038, 330
0.097, 219.281, 32.6477, 330
0.098, 209.519, 30.7843, 330
0.099, 202.813, 30.1571, 330
0.1, 195.791, 28.3592, 330
0.101, 189.049, 26.2489, 330
0.102, 183.124, 25.2731, 330
0.103, 176.699, 23.0022, 330
0.104, 171.808, 24.0538, 330
0.105, 165.606, 22.3165, 330
0.106, 161.856, 23.061, 330
0.107, 155.899, 21.0868, 330
0.108, 151.267, 20.1324, 330
0.109, 147.274, 19.792, 330
0.11, 142.286, 19.1624, 330
0.111, 139.496, 18.6053, 330
0.112, 135.939, 17.7893, 330
0.113, 132.367, 16.7326, 330
0.114, 127.82, 16.3538, 330
0.115, 124.723, 15.6283, 330
0.116, 121.458, 15.6611, 330
0.117, 118.595, 15.2318, 330
0.118, 116.101, 14.8638, 330
0.119, 113.861, 15.0158, 330
0.12, 110.834, 13.6665, 330
0.121, 108.081, 12.9006, 330
0.122, 105.243, 12.8591, 330
0.123, 103.895, 13.5257, 330
0.124, 101.686, 12.0897, 330
0.125, 99.162, 12.0258, 330
0.126, 96.959, 11.6772, 330
0.127, 94.984, 11.5693, 330
0.128, 92.738, 10.7453, 330
0.129, 91.037, 10.7439, 330
0.13, 89.225, 10.76, 330
0.131, 87.145, 10.2998, 330
0.132, 85.902, 10.6287, 330
0.133, 84.472, 10.2689, 330
0.134, 82.038, 9.94488, 330
0.135, 81.424, 9.87938, 330
0.136, 79.716, 9.33485, 330
0.137, 78.226, 9.32914, 330
0.138, 77.102, 9.1708, 330
0.139, 75.841, 9.20238, 330
0.14, 73.729, 8.00147, 330
0.141, 73.222, 8.44279, 330
0.142, 72.336, 8.55974, 330
0.143, 70.615, 7.83944, 330
0.144, 69.779, 7.99838, 330
0.145, 68.652, 8.26698, 330
0.146, 67.595, 7.59322, 330
0.147, 66.918, 7.87244, 330
0.148, 65.053, 7.465, 330
0.149, 64.815, 7.80325, 330
0, 0, 0, 335
0.001, 0.002, 0.0632139, 335
0.002, 0.037, 0.252252, 335
0.003, 0.091, 0.413182, 335
0.004, 0.234, 0.655167, 335
0.005, 0.409, 0.817141, 335
0.006, 0.722, 1.0103, 335
0.007, 1.033, 1.15408, 335
0.008, 1.368, 1.19774, 335
0.009, 1.658, 1.2558, 335
0.01, 1.988, 1.25692, 335
0.011, 2.293, 1.35689, 335
0.012, 2.559, 1.32986, 335
0.013, 2.922, 1.56266, 335
0.014, 3.187, 1.6242, 335
0.015, 3.42, 1.58984, 335
0.016, 3.727, 1.78227, 335
0.017, 4.082, 1.86206, 335
0.018, 4.414, 1.90279, 335
0.019, 4.818, 2.10306, 335
0.02, 5.185, 2.17779, 335
0.021, 5.57, 2.16774, 335
0.022, 5.952, 2.35025, 335
0.023, 6.129, 2.59468, 335
0.024, 6.601, 2.56199, 335
0.025, 6.811, 2.42431, 335
0.026, 7.625, 3.47971, 335
0.027, 7.804, 3.10541, 335
0.028, 8.386, 3.43293, 335
0.029, 8.546, 3.26188, 335
0.03, 9.129, 3.60976, 335
0.031, 9.525, 3.65888, 335
0.032, 10.521, 4.37602, 335
0.033, 10.714, 4.39889, 335
0.034, 11.361, 4.88269, 335
0.035, 11.583, 4.41578, 335
0.036, 12.693, 4.97562, 335
0.037, 13.361, 5.73678, 335
0.038, 13.741, 5.26858, 335
0.039, 14.558, 5.78279, 335
0.04, 15.403, 7.03225, 335
0.041, 15.755, 6.74603, 335
0.042, 17.335, 7.86325, 335
0.043, 18.311, 8.85586, 335
0.044, 18.662, 8.9494, 335
0.045, 19.562, 8.53675, 335
0.046, 20.735, 9.58346, 335
0.047, 22.522, 11.5512, 335
0.048, 23.896, 12.7121, 335
0.049, 28.444, 72.044, 335
0.05, 31.295, 74.2085, 335
0.051, 36.211, 108.876, 335
0.052, 47.285, 158.752, 335
0.053, 52.609, 166.228, 335
0.054, 71.697, 218.706, 335
0.055, 84.748, 253.614, 335
0.056, 87.47, 253.245, 335
0.057, 117.745, 300.605, 335
0.058, 161.622, 369.457, 335
0.059, 207.358, 413.818, 335
0.06, 248.489, 448.892, 335
0.061, 318.35, 497.345, 335
0.062, 361.088, 505.01, 335
0.063, 434.433, 527.953, 335
0.064, 499.037, 538.024, 335
0.065, 575.069, 533.496, 335
0.066, 641.303, 507.448, 335
0.067, 712.99, 476.712, 335
0.068, 764.429, 437.383, 335
0.069, 813.348, 375.225, 335
0.07, 799.896, 319.563, 335
0.071, 803.883, 269.62, 335
0.072, 778.503, 241.705, 335
0.073, 764.967, 199.075, 335
0.074, 723.875, 175.866, 335
0.075, 679.4, 156.98, 335
0.076, 639.141, 133.6, 335
0.077, 599.942, 121.36, 335
0.078, 562.959, 114.35, 335
0.079, 529.556, 104.962, 335
0.08, 493.165, 95.4562, 335
0.081, 471.246, 88.8299, 335
0.082, 440.862, 81.6115, 335
0.083, 414.543, 74.7589, 335
0.084, 393.225, 67.7407, 335
0.085, 376.843, 68.9986, 335
0.086, 356.955, 60.3703, 335
0.087, 337.321, 57.1395, 335
0.088, 321.608, 52.8848, 335
0.089, 305.318, 48.8137, 335
0.09, 292.009, 47.7451, 335
0.091, 280.724, 43.9337, 335
0.092, 269.205, 42.5252, 335
0.093, 255.797, 38.3544, 335
0.094, 247.193, 38.3315, 335
0.095, 238.646, 36.487, 335
0.096, 227.243, 33.2846, 335
0.097, 219.709, 32.4629, 335
0.098, 211.284, 30.8151, 335
0.099, 202.63, 28.3963, 335
0.1, 196.339, 27.4297, 335
0.101, 190.487, 27.1241, 335
0.102, 183.697, 25.1758, 335
0.103, 177.043, 23.5894, 335
0.104, 170.404, 22.7756, 335
0.105, 166.077, 22.0417, 335
0.106, 160.91, 22.2047, 335
0.107, 155.387, 20.602, 335
0.108, 151.532, 19.189, 335
0.109, 148.09, 21.0342, 335
0.11, 143.876, 18.8499, 335
0.111, 139.733, 18.0482, 335
0.112, 135.769, 17.1389, 335
0.113, 131.245, 17.0613, 335
0.114, 128.055, 16.3849, 335
0.115, 125.803, 16.5414, 335
0.116, 122.079, 16.4025, 335
0.117, 118.974, 15.9755, 335
0.118, 115.929, 14.495, 335
0.119, 113.182, 14.474, 335
0.12, 110.614, 14.0267, 335
0.121, 108.119, 13.578, 335
0.122, 106.057, 13.3319, 335
0.123, 103.613, 12.9746, 335
0.124, 101.711, 12.9548, 335
0.125, 99.19, 12.6038, 335
0.126, 96.267, 12.0838, 335
0.127, 94.995, 11.4841, 335
0.128, 93.084, 11.2593, 335
0.129, 91.156, 10.9234, 335
0.13, 88.933, 10.5391, 335
0.131, 87.413, 10.5338, 335
0.132, 85.99, 10.1444, 335
0.133, 84.732, 10.6792, 335
0.134, 83.06, 9.51107, 335
0.135, 81.59, 9.79132, 335
0.136, 80.193, 9.61498, 335
0.137, 78.293, 9.14621, 335
0.138, 77.451, 9.21822, 335
0.139, 75.693, 8.79038, 335
0.14, 74.585, 8.67253, 335
0.141, 73.506, 8.7851, 335
0.142, 72.229, 8.64688, 335
0.143, 70.881, 8.26709, 335
0.144, 69.817, 8.31081, 335
0.145, 69.058, 8.17194, 335
0.146, 67.645, 7.73285, 335
0.147, 66.994, 7.96869, 335
0.148, 65.748, 7.6398, 335
0.149, 64.586, 7.37242, 335
0, 0, 0, 340
0.001, 0.002, 0.0632139, 340
0.002, 0.022, 0.198786, 340
0.003, 0.079, 0.395928, 340
0.004, 0.22, 0.624179, 340
0.005, 0.432, 0.874858, 340
0.006, 0.688, 1.02696, 340
0.007, 1.002, 1.15065, 340
0.008, 1.369, 1.14579, 340
0.009, 1.712, 1.22109, 340
0.01, 1.997, 1.26609, 340
0.011, 2.345, 1.36014, 340
0.012, 2.643, 1.34817, 340
0.013, 2.795, 1.43073, 340
0.014, 3.21, 1.62969, 340
0.015, 3.513, 1.69524, 340
0.016, 3.945, 1.85579, 340
0.017, 4.097, 1.77696, 340
0.018, 4.413, 1.9931, 340
0.019, 4.967, 2.10569, 340
0.02, 5.341, 2.23086, 340
0.021, 5.59, 2.41617, 340
0.022, 5.994, 2.25787, 340
0.023, 6.269, 2.52678, 340
0.024, 6.709, 2.57649, 340
0.025, 7.194, 2.82566, 340
0.026, 7.421, 2.89478, 340
0.027, 7.954, 3.06821, 340
0.028, 8.5, 3.36095, 340
0.029, 8.702, 3.52806, 340
0.03, 9.122, 3.28285, 340
0.031, 9.907, 4.03464, 340
0.032, 10.284, 4.16957, 340
0.033, 10.692, 3.83629, 340
0.034, 11.147, 4.70801, 340
0.035, 11.963, 4.57555, 340
0.036, 12.412, 5.00402, 340
0.037, 12.971, 4.76573, 340
0.038, 13.712, 5.55095, 340
0.039, 14.893, 6.10979, 340
0.04, 15.463, 10.7359, 340
0.041, 16.399, 7.60551, 340
0.042, 16.956, 7.51519, 340
0.043, 17.843, 7.61501, 340
0.044, 19.132, 8.38275, 340
0.045, 20.287, 10.9293, 340
0.046, 20.911, 9.80903, 340
0.047, 28.289, 84.2735, 340
0.048, 26.915, 63.2558, 340
0.049, 34.064, 102.589, 340
0.05, 32.15, 80.7828, 340
0.051, 37.9, 108.514, 340
0.052, 45.982, 147.06, 340
0.053, 54.408, 170.769, 340
0.054, 66.925, 204.202, 340
0.055, 77.465, 235.02, 340
0.056, 119.581, 316.886, 340
0.057, 122.012, 302.959, 340
0.058, 170.477, 381.679, 340
0.059, 195.84, 400.982, 340
0.06, 221.797, 421.433, 340
0.061, 280.103, 466.602, 340
0.062, 353.225, 507.874, 340
0.063, 436.984, 539.438, 340
0.064, 529.979, 543.8, 340
0.065, 600.393, 535.886, 340
0.066, 692.207, 519.798, 340
0.067, 734.034, 471.484, 340
0.068, 795.058, 423.816, 340
0.069, 839.447, 351.071, 340
0.07, 836.878, 318.503, 340
0.071, 806.938, 279.907, 340
0.072, 803.946, 223.626, 340
0.073, 762.851, 203.618, 340
0.074, 711.441, 163.621, 340
0.075, 687.875, 151.015, 340
0.076, 638.122, 143.397, 340
0.077, 599.484, 117.736, 340
0.078, 550.659, 107.967, 340
0.079, 526.087, 104.309, 340
0.08, 498.863, 99.8221, 340
0.081, 468.487, 88.8704, 340
0.082, 445.577, 82.3511, 340
0.083, 416.244, 72.865, 340
0.084, 395.95, 70.3002, 340
0.085, 372.833, 64.7532, 340
0.086, 357.483, 61.441, 340
0.087, 336.762, 55.188, 340
0.088, 323.613, 54.3122, 340
0.089, 306.787, 48.2503, 340
0.09, 292.34, 46.6118, 340
0.091, 280.093, 42.9398, 340
0.092, 268.95, 43.295, 340
0.093, 256.874, 38.7921, 340
0.094, 246.854, 37.0925, 340
0.095, 236.815, 35.9252, 340
0.096, 229.478, 34.1466, 340
0.097, 218.933, 31.5989, 340
0.098, 210.749, 30.0135, 340
0.099, 203.782, 29.1132, 340
0.1, 196.261, 28.0572, 340
0.101, 189.448, 26.6181, 340
0.102, 183.16, 25.9608, 340
0.103, 177.621, 24.4799, 340
0.104, 171.008, 23.4598, 340
0.105, 166.427, 23, 340
0.106, 161.764, 21.4905, 340
0.107, 156.544, 20.4054, 340
0.108, 150.069, 19.8679, 340
0.109, 147.757, 19.0011, 340
0.11, 142.97, 17.933, 340
0.111, 139.365, 18.2477, 340
0.112, 136.505, 18.2667, 340
0.113, 132.045, 16.828, 340
0.114, 129.074, 16.293, 340
0.115, 124.889, 16.13, 340
0.116, 122.51, 15.3815, 340
0.117, 118.955, 14.5157, 340
0.118, 116.038, 13.8199, 340
0.119, 113.521, 14.4554, 340
0.12, 110.971, 14.073, 340
0.121, 108.685, 13.5483, 340
0.122, 105.593, 12.3774, 340
0.123, 102.631, 12.3901, 340
0.124, 100.876, 12.2783, 340
0.125, 99.207, 11.8824, 340
0.126, 96.764, 10.9678, 340
0.127, 95.336, 11.5131, 340
0.128, 93.66, 11.2114, 340
0.129, 91.5, 11.4237, 340
0.13, 89.617, 10.7579, 340
0.131, 87.653, 10.0298, 340
0.132, 86.57, 10.8385, 340
0.133, 84.834, 9.89436, 340
0.134, 82.917, 9.89455, 340
0.135, 81.95, 10.1245, 340
0.136, 80.207, 8.88438, 340
0.137, 78.862, 9.20005, 340
0.138, 77.089, 8.95283, 340
0.139, 76.134, 8.95299, 340
0.14, 74.687, 8.58295, 340
0.141, 73.674, 8.71618, 340
0.142, 72.598, 8.81853, 340
0.143, 71.506, 8.69908, 340
0.144, 69.579, 8.06311, 340
0.145, 68.815, 7.93024, 340
0.146, 67.982, 8.0096, 340
0.147, 66.475, 7.60627, 340
0.148, 65.599, 7.6008, 340
0.149, 64.832, 7.49158, 340
0, 0, 0, 345
0.001, 0.003, 0.070647, 345
0.002, 0.038, 0.261832, 345
0.003, 0.111, 0.465488, 345
0.004, 0.229, 0.631315, 345
0.005, 0.484, 0.881898, 345
0.006, 0.689, 1.00114, 345
0.007, 1.089, 1.09594, 345
0.008, 1.367, 1.15166, 345
0.009, 1.767, 1.30488, 345
0.01, 2.007, 1.25974, 345
0.011, 2.377, 1.30724, 345
0.012, 2.59, 1.35717, 345
0.013, 2.951, 1.46717, 345
0.014, 3.199, 1.59355, 345
0.015, 3.554, 1.90502, 345
0.016, 3.9, 1.92146, 345
0.017, 4.196, 1.91822, 345
0.018, 4.432, 1.91086, 345
0.019, 5, 2.13682, 345
0.02, 5.259, 2.08133, 345
0.021, 5.602, 2.20989, 345
0.022, 6.003, 2.27794, 345
0.023, 6.325, 2.49827, 345
0.024, 6.737, 2.58802, 345
0.025, 6.972, 2.73482, 345
0.026, 7.433, 2.73048, 345
0.027, 8.172, 3.43255, 345
0.028, 8.359, 3.22058, 345
0.029, 8.941, 3.56252, 345
0.03, 9.279, 3.75009, 345
0.031, 9.67, 3.81695, 345
0.032, 10.573, 4.21719, 345
0.033, 11.079, 4.23235, 345
0.034, 11.648, 5.27087, 345
0.035, 11.974, 4.59862, 345
0.036, 12.771, 4.98523, 345
0.037, 13.239, 5.42217, 345
0.038, 13.914, 5.45991, 345
0.039, 14.616, 6.14545, 345
0.04, 15.511, 6.15304, 345
0.041, 16.446, 7.30993, 345
0.042, 17.406, 7.16137, 345
0.043, 18.056, 8.06566, 345
0.044, 19.884, 10.002, 345
0.045, 22.038, 57.9026, 345
0.046, 23.136, 66.7831, 345
0.047, 23.075, 12.4281, 345
0.048, 27.075, 59.8676, 345
0.049, 29.019, 73.8876, 345
0.05, 34.251, 94.1542, 345
0.051, 32.021, 65.0327, 345
0.052, 42.396, 130.471, 345
0.053, 57.933, 185.05, 345
0.054, 56.904, 172.395, 345
0.055, 96.149, 282.524, 345
0.056, 116.407, 309.301, 345
0.057, 109.987, 285.243, 345
0.058, 161.371, 365.251, 345
0.059, 205.891, 422.656, 345
0.06, 272.865, 477.607, 345
0.061, 335.252, 513.959, 345
0.062, 390.008, 533.39, 345
0.063, 432.111, 539.198, 345
0.064, 533.442, 553.782, 345
0.065, 631.115, 550.979, 345
0.066, 676.514, 523.967, 345
0.067, 754.75, 471.041, 345
0.068, 802.667, 437.631, 345
0.069, 811.92, 377.704, 345
0.07, 834.752, 324.19, 345
0.071, 829.187, 265.609, 345
0.072, 790.219, 222.025, 345
0.073, 769.911, 196.826, 345
0.074, 731.025, 165.806, 345
0.075, 688.769, 157.082, 345
0.076, 648.36, 139.187, 345
0.077, 610.333, 129.964, 345
0.078, 565.621, 118.369, 345
0.079, 524.031, 100.004, 345
0.08, 498.811, 96.5444, 345
0.081, 470.251, 85.3592, 345
0.082, 444.479, 82.4262, 345
0.083, 416.795, 75.6651, 345
0.084, 399.463, 67.6821, 345
0.085, 372.865, 62.9942, 345
0.086, 351.699, 59.6482, 345
0.087, 337.151, 55.9324, 345
0.088, 325.827, 52.1778, 345
0.089, 308.982, 47.7819, 345
0.09, 295.584, 49.1465, 345
0.091, 276.996, 41.8722, 345
0.092, 271.39, 44.0143, 345
0.093, 256.643, 38.2246, 345
0.094, 246.187, 35.5731, 345
0.095, 239.286, 35.6033, 345
0.096, 228.783, 33.711, 345
0.097, 221.616, 33.4286, 345
0.098, 211.688, 30.8697, 345
0.099, 202.846, 27.8982, 345
0.1, 195.991, 27.3513, 345
0.101, 189.838, 26.8418, 345
0.102, 182.941, 26.2166, 345
0.103, 178.789, 24.9017, 345
0.104, 171.767, 23.281, 345
0.105, 167.474, 23.6298, 345
0.106, 161.566, 21.5577, 345
0.107, 155.82, 20.1986, 345
0.108, 152.46, 21.0294, 345
0.109, 147.46, 18.5137, 345
0.11, 143.693, 17.9248, 345
0.111, 139.784, 17.7794, 345
0.112, 134.753, 16.5186, 345
0.113, 132.414, 16.7702, 345
0.114, 129.243, 17.5843, 345
0.115, 125.126, 16.0495, 345
0.116, 122.781, 15.9941, 345
0.117, 119.006, 15.3621, 345
0.118, 116.395, 14.5108, 345
0.119, 113.915, 13.7104, 345
0.12, 110.613, 13.8731, 345
0.121, 108.611, 13.3065, 345
0.122, 106.019, 13.1207, 345
0.123, 103.585, 13.1228, 345
0.124, 101.329, 12.2002, 345
0.125, 99.269, 12.1176, 345
0.126, 97.302, 11.9342, 345
0.127, 95.301, 11.9112, 345
0.128, 93.194, 10.7442, 345
0.129, 91.418, 11.1205, 345
0.13, 90.237, 11.1879, 345
0.131, 88.111, 10.7141, 345
0.132, 86.554, 10.6812, 345
0.133, 84.67, 10.096, 345
0.134, 83.724, 9.80275, 345
0.135, 81.501, 9.62923, 345
0.136, 79.91, 9.47924, 345
0.137, 78.587, 9.12, 345
0.138, 77.408, 9.14525, 345
0.139, 76.064, 8.78726, 345
0.14, 74.462, 8.3259, 345
0.141, 73.599, 8.40406, 345
0.142, 72.629, 8.75827, 345
0.143, 71.23, 8.19043, 345
0.144, 69.913, 8.02094, 345
0.145, 68.859, 7.91802, 345
0.146, 67.595, 7.29294, 345
0.147, 66.558, 7.5406, 345
0.148, 65.574, 7.34102, 345
0.149, 65.16, 7.45107, 345
0, 0, 0, 350
0.001, 0, 0, 350
0.002, 0.03, 0.243105, 350
0.003, 0.107, 0.462116, 350
0.004, 0.275, 0.717896, 350
0.005, 0.476, 0.88285, 350
0.006, 0.774, 1.08946, 350
0.007, 1.077, 1.16836, 350
0.008, 1.404, 1.20531, 350
0.009, 1.736, 1.19009, 350
0.01, 2.172, 1.46711, 350
0.011, 2.371, 1.28349, 350
0.012, 2.712, 1.44881, 350
0.013, 2.918, 1.46536, 350
0.014, 3.269, 1.6391, 350
0.015, 3.504, 1.67988, 350
0.016, 3.992, 2.06251, 350
0.017, 4.164, 1.84475, 350
0.018, 4.542, 1.98198, 350
0.019, 4.973, 2.11572, 350
0.02, 5.375, 2.16203, 350
0.021, 5.707, 2.20797, 350
0.022, 6.124, 2.40637, 350
0.023, 6.351, 2.21671, 350
0.024, 6.805, 2.79087, 350
0.025, 7.129, 2.74961, 350
0.026, 7.533, 2.97303, 350
0.027, 7.94, 2.95337, 350
0.028, 8.387, 3.21453, 350
0.029, 9.061, 3.68501, 350
0.03, 9.323, 3.62142, 350
0.031, 10.037, 4.09995, 350
0.032, 10.392, 4.16777, 350
0.033, 11.024, 4.54482, 350
0.034, 11.284, 4.2969, 350
0.035, 11.96, 4.57651, 350
0.036, 12.46, 4.54713, 350
0.037, 13.464, 5.34272, 350
0.038, 14.064, 5.64906, 350
0.039, 14.655, 5.6745, 350
0.04, 15.813, 6.28156, 350
0.041, 16.551, 6.89677, 350
0.042, 16.926, 7.04532, 350
0.043, 17.937, 7.37503, 350
0.044, 20.032, 11.4886, 350
0.045, 21.048, 11.0804, 350
0.046, 21.457, 11.2713, 350
0.047, 22.935, 11.1553, 350
0.048, 28.072, 67.983, 350
0.049, 30.815, 87.6005, 350
0.05, 30.574, 67.4432, 350
0.051, 36.56, 102.237, 350
0.052, 43.034, 126.874, 350
0.053, 57.703, 190.737, 350
0.054, 74.306, 226.91, 350
0.055, 77.674, 228.364, 350
0.056, 101.709, 283.289, 350
0.057, 141.309, 344.234, 350
0.058, 181.588, 402.618, 350
0.059, 213.842, 428.903, 350
0.06, 267.68, 474.537, 350
0.061, 335.344, 513.012, 350
0.062, 431.773, 565.582, 350
0.063, 443.23, 545.362, 350
0.064, 575.877, 558.395, 350
0.065, 635.977, 557, 350
0.066, 718.161, 523.086, 350
0.067, 761.415, 483.243, 350
0.068, 775.865, 453.136, 350
0.069, 821.232, 386.393, 350
0.07, 856.548, 308.431, 350
0.071, 830.68, 281.1, 350
0.072, 815.153, 219.24, 350
0.073, 770.002, 190.523, 350
0.074, 720.278, 175.114, 350
0.075, 686.688, 155.342, 350
0.076, 647.263, 133.694, 350
0.077, 604.609, 128.416, 350
0.078, 568.253, 115.345, 350
0.079, 537.59, 103.907, 350
0.08, 503.417, 99.4378, 350
0.081, 471.953, 90.0101, 350
0.082, 441.963, 82.147, 350
0.083, 420.413, 77.0472, 350
0.084, 394.074, 68.2753, 350
0.085, 375.39, 66.2075, 350
0.086, 358.388, 61.7884, 350
0.087, 341.449, 57.5671, 350
0.088, 323.553, 54.7092, 350
0.089, 306.315, 50.8684, 350
0.09, 295.839, 48.2252, 350
0.091, 281.671, 44.6046, 350
0.092, 268.415, 43.0488, 350
0.093, 255.146, 37.3486, 350
0.094, 247.93, 36.5312, 350
0.095, 237.331, 33.5902, 350
0.096, 228.772, 34.1115, 350
0.097, 221.686, 33.8609, 350
0.098, 212.593, 32.0061, 350
0.099, 204.362, 29.0157, 350
0.1, 197.004, 27.3057, 350
0.101, 190.297, 26.1291, 350
0.102, 183.442, 25.3841, 350
0.103, 178.612, 24.3479, 350
0.104, 172.949, 23.0764, 350
0.105, 166.53, 22.0366, 350
0.106, 161.32, 21.0843, 350
0.107, 157.169, 21.8768, 350
0.108, 153.321, 20.2915, 350
0.109, 145.812, 18.7527, 350
0.11, 143.294, 18.8849, 350
0.111, 138.925, 17.7313, 350
0.112, 135.801, 17.446, 350
0.113, 131.283, 16.3111, 350
0.114, 128.811, 16.4769, 350
0.115, 126.204, 15.402, 350
0.116, 121.746, 15.2309, 350
0.117, 119.457, 14.8029, 350
0.118, 116.421, 14.5121, 350
0.119, 113.612, 14.0627, 350
0.12, 111.178, 13.7208, 350
0.121, 108.831, 13.841, 350
0.122, 105.772, 13.0005, 350
0.123, 103.647, 12.7213, 350
0.124, 101.083, 12.0409, 350
0.125, 99.723, 12.0117, 350
0.126, 97.293, 11.4948, 350
0.127, 95.225, 11.0741, 350
0.128, 93.477, 11.8333, 350
0.129, 92.106, 11.4846, 350
0.13, 89.234, 10.3001, 350
0.131, 88.073, 10.6027, 350
0.132, 86.529, 10.4839, 350
0.133, 84.69, 10.0243, 350
0.134, 83.211, 9.7583, 350
0.135, 81.893, 9.59966, 350
0.136, 79.852, 9.02165, 350
0.137, 79.056, 9.19037, 350
0.138, 77.168, 8.98731, 350
0.139, 76.483, 9.11656, 350
0.14, 74.777, 8.73426, 350
0.141, 73.632, 8.60166, 350
0.142, 72.437, 8.15708, 350
0.143, 71.2, 8.48611, 350
0.144, 70.454, 8.62043, 350
0.145, 68.953, 8.03086, 350
0.146, 68.281, 8.20098, 350
0.147, 67.189, 7.97968, 350
0.148, 65.679, 7.6715, 350
0.149, 64.792, 7.39397, 350
0, 0, 0, 355
0.001, 0.001, 0.031607, 355
0.002, 0.028, 0.22631, 355
0.003, 0.119, 0.467802, 355
0.004, 0.262, 0.688009, 355
0.005, 0.464, 0.871036, 355
0.006, 0.787, 1.03132, 355
0.007, 1.165, 1.21069, 355
0.008, 1.439, 1.18333, 355
0.009, 1.807, 1.26876, 355
0.01, 2.141, 1.32782, 355
0.011, 2.465, 1.3924, 355
0.012, 2.666, 1.37784, 355
0.013, 2.994, 1.42336, 355
0.014, 3.308, 1.70562, 355
0.015, 3.629, 1.82739, 355
0.016, 3.954, 1.87773, 355
0.017, 4.305, 1.73147, 355
0.018, 4.612, 1.88559, 355
0.019, 4.936, 2.12271, 355
0.02, 5.259, 1.9375, 355
0.021, 5.623, 2.2183, 355
0.022, 6.061, 2.42472, 355
0.023, 6.28, 2.13626, 355
0.024, 6.908, 2.74145, 355
0.025, 7.197, 2.62339, 355
0.026, 7.507, 2.83689, 355
0.027, 8.155, 3.34499, 355
0.028, 8.673, 3.3761, 355
0.029, 8.999, 3.66101, 355
0.03, 9.537, 3.51122, 355
0.031, 9.824, 3.71793, 355
0.032, 10.465, 3.98181, 355
0.033, 11.06, 4.59221, 355
0.034, 11.555, 4.39306, 355
0.035, 12.096, 4.34911, 355
0.036, 12.68, 4.62056, 355
0.037, 13.523, 5.12089, 355
0.038, 14.268, 6.54936, 355
0.039, 14.913, 6.79716, 355
0.04, 15.955, 7.37692, 355
0.041, 16.221, 5.90188, 355
0.042, 17.65, 8.0839, 355
0.043, 18.478, 9.71522, 355
0.044, 19.11, 8.30313, 355
0.045, 20.843, 10.5101, 355
0.046, 23.525, 49.8048, 355
0.047, 28.698, 96.3185, 355
0.048, 24.417, 11.887, 355
0.049, 28.868, 52.9821, 355
0.05, 33.831, 94.8901, 355
0.051, 32.941, 66.5587, 355
0.052, 52.752, 176.285, 355
0.053, 57.016, 186.564, 355
0.054, 70.897, 219.61, 355
0.055, 87.354, 249.458, 355
0.056, 118.247, 317.93, 355
0.057, 129.649, 334.719, 355
0.058, 186.952, 401.462, 355
0.059, 200.811, 413.891, 355
0.06, 273.779, 477.011, 355
0.061, 331.968, 520.601, 355
0.062, 418.816, 553.6, 355
0.063, 465.736, 560.08, 355
0.064, 618.749, 579.587, 355
0.065, 647.347, 558.488, 355
0.066, 719.917, 533.735, 355
0.067, 768.757, 492.613, 355
0.068, 837.1, 427.707, 355
0.069, 852.649, 376.182, 355
0.07, 874.981, 299.953, 355
0.071, 841.926, 269.238, 355
0.072, 804.102, 233.928, 355
0.073, 777.984, 198.39, 355
0.074, 735.683, 169.192, 355
0.075, 686.839, 159.78, 355
0.076, 643.282, 136.608, 355
0.077, 600.934, 118.359, 355
0.078, 568.335, 114.736, 355
0.079, 529.499, 101.009, 355
0.08, 497.983, 94.758, 355
0.081, 473.334, 88.1105, 355
0.082, 441.134, 77.0318, 355
0.083, 420.428, 73.8292, 355
0.084, 395.971, 68.1332, 355
0.085, 377.612, 64.8975, 355
0.086, 356.376, 58.5591, 355
0.087, 338.805, 54.712, 355
0.088, 320.692, 53.6763, 355
0.089, 308.435, 49.6971, 355
0.09, 296.072, 47.4802, 355
0.091, 280.307, 44.2653, 355
0.092, 267.461, 41.2737, 355
0.093, 256.744, 38.8053, 355
0.094, 246.256, 35.498, 355
0.095, 237.148, 33.0246, 355
0.096, 228.678, 34.0209, 355
0.097, 219.971, 33.4043, 355
0.098, 210.789, 30.9799, 355
0.099, 203.338, 28.8435, 355
0.1, 195.903, 27.2531, 355
0.101, 191.935, 27.0623, 355
0.102, 184.392, 25.8274, 355
0.103, 176.924, 24.3044, 355
0.104, 172.957, 24.4116, 355
0.105, 166.63, 21.5996, 355
0.106, 161.393, 20.9548, 355
0.107, 156.71, 19.8979, 355
0.108, 153.217, 20.5928, 355
0.109, 147.791, 19.3557, 355
0.11, 143.325, 18.6755, 355
0.111, 138.678, 17.0795, 355
0.112, 135.651, 17.7604, 355
0.113, 131.842, 16.5457, 355
0.114, 130.1, 16.5437, 355
0.115, 125.043, 16.5589, 355
0.116, 122.84, 16.4655, 355
0.117, 119.833, 15.1146, 355
0.118, 116.559, 14.4745, 355
0.119, 113.807, 13.9263, 355
0.12, 110.208, 13.7884, 355
0.121, 108.132, 12.6908, 355
0.122, 105.918, 12.7384, 355
0.123, 103.805, 13.0034, 355
0.124, 101.448, 12.3837, 355
0.125, 99.88, 12.7908, 355
0.126, 97.228, 12.399, 355
0.127, 95.384, 11.6198, 355
0.128, 93.396, 11.0701, 355
0.129, 91.439, 10.6756, 355
0.13, 89.772, 10.2237, 355
0.131, 87.918, 10.6114, 355
0.132, 86.483, 10.5491, 355
0.133, 84.688, 10.2211, 355
0.134, 82.498, 9.28838, 355
0.135, 81.763, 9.88063, 355
0.136, 80.787, 9.73374, 355
0.137, 79.064, 9.44902, 355
0.138, 77.527, 8.81971, 355
0.139, 76.054, 8.73024, 355
0.14, 74.708, 8.45865, 355
0.141, 74.217, 8.77371, 355
0.142, 72.803, 8.85676, 355
0.143, 71.295, 8.53417, 355
0.144, 70.464, 7.79979, 355
0.145, 69.244, 8.06067, 355
0.146, 68.017, 7.80786, 355
0.147, 66.897, 7.46782, 355
0.148, 66.385, 7.58715, 355
0.149, 65.409, 7.43154, 355
0, 0, 0, 360
0.001, 0.003, 0.070647, 360
0.002, 0.031, 0.232463, 360
0.003, 0.142, 0.507776, 360
0.004, 0.22, 0.619355, 360
0.005, 0.505, 0.868317, 360
0.006, 0.787, 1.06378, 360
0.007, 1.129, 1.1377, 360
0.008, 1.5, 1.18912, 360
0.009, 1.799, 1.20772, 360
0.01, 2.168, 1.22138, 360
0.011, 2.464, 1.30717, 360
0.012, 2.682, 1.37072, 360
0.013, 3.025, 1.46232, 360
0.014, 3.263, 1.60867, 360
0.015, 3.486, 1.60306, 360
0.016, 4.104, 1.87808, 360
0.017, 4.354, 1.90911, 360
0.018, 4.683, 1.98356, 360
0.019, 5.101, 2.18009, 360
0.02, 5.526, 2.21389, 360
0.021, 5.757, 2.29389, 360
0.022, 6.224, 2.65364, 360
0.023, 6.528, 2.35355, 360
0.024, 6.858, 2.69478, 360
0.025, 7.318, 2.78835, 360
0.026, 7.7, 3.0206, 360
0.027, 8.158, 3.37269, 360
0.028, 8.7, 3.66879, 360
0.029, 9.068, 3.6251, 360
0.03, 9.608, 3.71838, 360
0.031, 9.877, 3.97541, 360
0.032, 10.708, 4.37113, 360
0.033, 10.976, 3.96855, 360
0.034, 11.776, 4.63614, 360
0.035, 12.458, 4.93054, 360
0.036, 12.731, 4.84795, 360
0.037, 13.493, 5.22417, 360
0.038, 14.328, 5.8102, 360
0.039, 15.232, 6.21693, 360
0.04, 15.95, 6.86291, 360
0.041, 16.865, 6.84418, 360
0.042, 17.896, 8.79859, 360
0.043, 18.792, 10.0271, 360
0.044, 21.266, 44.9888, 360
0.045, 20.477, 8.82323, 360
0.046, 22.629, 12.2229, 360
0.047, 24.894, 46.8884, 360
0.048, 26.157, 53.5018, 360
0.049, 31.12, 80.9844, 360
0.05, 37.99, 126.336, 360
0.051, 39.949, 120.896, 360
0.052, 51.443, 167.052, 360
0.053, 67.42, 214.986, 360
0.054, 67.506, 208.203, 360
0.055, 100.214, 286.115, 360
0.056, 104.451, 289.43, 360
0.057, 160.492, 380.44, 360
0.058, 207.314, 440.864, 360
0.059, 231.278, 452.636, 360
0.06, 293.339, 498.109, 360
0.061, 323.923, 516.048, 360
0.062, 441.71, 572.26, 360
0.063, 507.471, 582.242, 360
0.064, 568.323, 580.254, 360
0.065, 676.793, 557.873, 360
0.066, 747.627, 533.105, 360
0.067, 790.281, 490.31, 360
0.068, 847.445, 411.588, 360
0.069, 881.719, 364.716, 360
0.07, 848.713, 314.77, 360
0.071, 865.424, 259.879, 360
0.072, 802.554, 226.52, 360
0.073, 779.52, 189.786, 360
0.074, 733.97, 161.954, 360
0.075, 694.327, 137.554, 360
0.076, 638.649, 137.839, 360
0.077, 604.353, 122.234, 360
0.078, 568.895, 113.807, 360
0.079, 522.049, 98.1557, 360
0.08, 499.168, 99.2044, 360
0.081, 468.333, 84.8721, 360
0.082, 442.328, 84.3542, 360
0.083, 420.772, 72.3379, 360
0.084, 397.154, 67.7416, 360
0.085, 377.796, 63.1261, 360
0.086, 356.045, 61.1773, 360
0.087, 340.398, 56.0155, 360
0.088, 323.672, 54.0691, 360
0.089, 310.337, 51.059, 360
0.09, 295.834, 47.6931, 360
0.091, 283.163, 45.4774, 360
0.092, 270.014, 41.5288, 360
0.093, 259.228, 39.6149, 360
0.094, 248.096, 35.3245, 360
0.095, 236.797, 34.6231, 360
0.096, 228.192, 33.747, 360
0.097, 221.444, 32.4247, 360
0.098, 213.101, 31.5764, 360
0.099, 203.392, 29.119, 360
0.1, 196.899, 27.0841, 360
0.101, 189.288, 26.552, 360
0.102, 185.424, 25.4119, 360
0.103, 178.796, 25.4615, 360
0.104, 171.484, 22.9802, 360
0.105, 166.476, 22.2126, 360
0.106, 161.764, 21.1251, 360
0.107, 156.892, 20.8784, 360
0.108, 150.957, 19.3763, 360
0.109, 147.23, 19.2096, 360
0.11, 143.482, 18.6635, 360
0.111, 140.755, 18.1704, 360
0.112, 136.956, 17.8533, 360
0.113, 132.563, 17.2503, 360
0.114, 129.78, 16.5341, 360
0.115, 125.747, 15.6179, 360
0.116, 122.658, 15.354, 360
0.117, 118.658, 14.0919, 360
0.118, 115.899, 13.3696, 360
0.119, 114.862, 13.8359, 360
0.12, 111.313, 13.0829, 360
0.121, 108.656, 13.3337, 360
0.122, 106.254, 12.28, 360
0.123, 104.633, 12.9706, 360
0.124, 102.177, 12.1806, 360
0.125, 98.93, 12.2208, 360
0.126, 97.493, 11.6422, 360
0.127, 95.568, 11.1606, 360
0.128, 93.166, 10.813, 360
0.129, 91.707, 10.8335, 360
0.13, 90.219, 10.1252, 360
0.131, 88.067, 10.4511, 360
0.132, 86.537, 10.2136, 360
0.133, 84.615, 9.74827, 360
0.134, 83.249, 9.67011, 360
0.135, 81.457, 9.77426, 360
0.136, 80.316, 9.70897, 360
0.137, 78.626, 9.13981, 360
0.138, 77.807, 9.57046, 360
0.139, 76.038, 8.56706, 360
0.14, 74.554, 8.50418, 360
0.141, 74.092, 8.52734, 360
0.142, 72.605, 8.35685, 360
0.143, 71.314, 8.24241, 360
0.144, 69.986, 7.98197, 360
0.145, 69.202, 7.82912, 360
0.146, 67.755, 7.26863, 360
0.147, 66.7, 7.66929, 360
0.148, 65.625, 7.41029, 360
0.149, 64.821, 7.43781, 360
0, 0, 0, 365
0.001, 0.007, 0.113802, 365
0.002, 0.03, 0.230434, 365
0.003, 0.12, 0.474974, 365
0.004, 0.286, 0.694409, 365
0.005, 0.49, 0.889888, 365
0.006, 0.773, 1.02444, 365
0.007, 1.194, 1.16033, 365
0.008, 1.455, 1.20664, 365
0.009, 1.855, 1.17642, 365
0.01, 2.153, 1.21309, 365
0.011, 2.515, 1.33558, 365
0.012, 2.685, 1.387, 365
0.013, 3.069, 1.59193, 365
0.014, 3.334, 1.63537, 365
0.015, 3.751, 1.73465, 365
0.016, 3.952, 1.7674, 365
0.017, 4.308, 1.89292, 365
0.018, 4.79, 1.99095, 365
0.019, 5.111, 2.07574, 365
0.02, 5.441, 2.13975, 365
0.021, 5.826, 2.1826, 365
0.022, 6.069, 2.29701, 365
0.023, 6.65, 2.76722, 365
0.024, 7.086, 2.59357, 365
0.025, 7.338, 2.81598, 365
0.026, 7.681, 2.8718, 365
0.027, 8.285, 3.43479, 365
0.028, 8.789, 3.50064, 365
0.029, 8.966, 3.43145, 365
0.03, 9.654, 3.72536, 365
0.031, 10.318, 4.13943, 365
0.032, 10.633, 4.23654, 365
0.033, 10.857, 3.92741, 365
0.034, 12.03, 4.72219, 365
0.035, 12.297, 4.64271, 365
0.036, 13.042, 4.88838, 365
0.037, 14.026, 6.23902, 365
0.038, 14.559, 7.43226, 365
0.039, 15.214, 6.30985, 365
0.04, 16.167, 7.46158, 365
0.041, 16.504, 6.98455, 365
0.042, 18.032, 8.18101, 365
0.043, 18.877, 8.80942, 365
0.044, 19.828, 9.48601, 365
0.045, 21.181, 9.83556, 365
0.046, 22.891, 11.4978, 365
0.047, 23.712, 11.0218, 365
0.048, 24.608, 11.6178, 365
0.049, 29.629, 67.0084, 365
0.05, 37.075, 120.346, 365
0.051, 42.368, 141.415, 365
0.052, 58.464, 190.172, 365
0.053, 63.644, 198.483, 365
0.054, 68.32, 206.979, 365
0.055, 91.952, 269.182, 365
0.056, 141.863, 362.735, 365
0.057, 163.744, 389.494, 365
0.058, 179.154, 402.291, 365
0.059, 235.81, 459.364, 365
0.06, 318.714, 524.597, 365
0.061, 355.05, 533.277, 365
0.062, 427.144, 566.664, 365
0.063, 538.461, 589.192, 365
0.064, 606.71, 584.915, 365
0.065, 662.307, 566.918, 365
0.066, 774.573, 533.889, 365
0.067, 822.367, 482.442, 365
0.068, 889.678, 421.608, 365
0.069, 859.163, 378.781, 365
0.07, 881.615, 309.678, 365
0.071, 849.185, 260.705, 365
0.072, 837.8, 222.802, 365
0.073, 784.2, 180.521, 365
0.074, 735.207, 172.943, 365
0.075, 685.42, 150.942, 365
0.076, 651.19, 138.968, 365
0.077, 608.411, 125.011, 365
0.078, 566.468, 111.273, 365
0.079, 536.347, 107.461, 365
0.08, 500.368, 94.1584, 365
0.081, 471.748, 86.3015, 365
0.082, 445.511, 79.5162, 365
0.083, 418.801, 72.712, 365
0.084, 399.256, 70.4371, 365
0.085, 377.5, 65.6344, 365
0.086, 355.927, 58.8836, 365
0.087, 337.126, 55.4334, 365
0.088, 323.112, 51.5488, 365
0.089, 310.474, 50.9389, 365
0.09, 296.186, 46.8826, 365
0.091, 280.951, 44.4812, 365
0.092, 271.273, 43.0095, 365
0.093, 259.648, 38.8546, 365
0.094, 248.115, 36.7341, 365
0.095, 237.044, 34.018, 365
0.096, 228.23, 32.1696, 365
0.097, 220.517, 31.1172, 365
0.098, 213.002, 29.4854, 365
0.099, 205.463, 29.872, 365
0.1, 197.155, 27.2416, 365
0.101, 192.741, 26.253, 365
0.102, 184.533, 25.1024, 365
0.103, 177.417, 23.4269, 365
0.104, 172.545, 22.7664, 365
0.105, 166.377, 22.3355, 365
0.106, 162.674, 21.4547, 365
0.107, 157.048, 20.8233, 365
0.108, 152.525, 19.8111, 365
0.109, 148.034, 18.9407, 365
0.11, 142.971, 18.1608, 365
0.111, 140.275, 17.8048, 365
0.112, 136.045, 17.299, 365
0.113, 132.557, 18.0358, 365
0.114, 129.044, 16.4158, 365
0.115, 125.821, 15.8421, 365
0.116, 122.584, 15.218, 365
0.117, 119.529, 14.6844, 365
0.118, 116.823, 14.566, 365
0.119, 114.328, 14.4347, 365
0.12, 111.734, 14.0346, 365
0.121, 108.909, 13.5464, 365
0.122, 105.765, 12.6201, 365
0.123, 103.908, 12.5359, 365
0.124, 101.684, 11.8601, 365
0.125, 99.448, 11.8724, 365
0.126, 97.697, 11.6365, 365
0.127, 95.909, 11.4869, 365
0.128, 93.625, 10.8399, 365
0.129, 91.882, 10.7591, 365
0.13, 89.779, 10.6212, 365
0.131, 88.576, 10.9941, 365
0.132, 86.422, 10.2049, 365
0.133, 84.398, 9.99118, 365
0.134, 83.128, 9.4293, 365
0.135, 82.009, 9.46028, 365
0.136, 80.253, 8.60854, 365
0.137, 78.776, 9.14701, 365
0.138, 77.234, 8.96957, 365
0.139, 76.591, 8.74172, 365
0.14, 74.275, 8.03376, 365
0.141, 73.957, 8.6669, 365
0.142, 72.561, 8.33944, 365
0.143, 71.45, 8.0585, 365
0.144, 70.226, 7.78543, 365
0.145, 68.985, 7.92457, 365
0.146, 68.18, 7.64733, 365
0.147, 66.735, 6.98976, 365
0.148, 65.837, 7.11312, 365
0.149, 64.998, 7.09366, 365
0, 0, 0, 370
0.001, 0.004, 0.0631189, 370
0.002, 0.037, 0.252252, 370
0.003, 0.133, 0.474669, 370
0.004, 0.28, 0.698284, 370
0.005, 0.498, 0.923036, 370
0.006, 0.877, 1.08345, 370
0.007, 1.145, 1.12249, 370
0.008, 1.528, 1.21046, 370
0.009, 1.859, 1.27402, 370
0.01, 2.21, 1.28604, 370
0.011, 2.342, 1.26057, 370
0.012, 2.79, 1.44634, 370
0.013, 3.073, 1.51647, 370
0.014, 3.446, 1.74215, 370
0.015, 3.624, 1.67291, 370
0.016, 4.074, 1.92938, 370
0.017, 4.408, 2.01582, 370
0.018, 4.828, 2.06359, 370
0.019, 5.111, 2.17363, 370
0.02, 5.487, 2.3259, 370
0.021, 5.84, 2.31266, 370
0.022, 6.228, 2.249, 370
0.023, 6.67, 2.73954, 370
0.024, 6.926, 2.66731, 370
0.025, 7.407, 2.84101, 370
0.026, 7.922, 2.80854, 370
0.027, 8.35, 3.35969, 370
0.028, 8.605, 3.21916, 370
0.029, 9.088, 3.60198, 370
0.03, 9.668, 3.88044, 370
0.031, 10.055, 3.64746, 370
0.032, 10.826, 4.48149, 370
0.033, 11.489, 4.55367, 370
0.034, 11.947, 5.18075, 370
0.035, 12.606, 4.97823, 370
0.036, 13.221, 5.0849, 370
0.037, 13.869, 5.14508, 370
0.038, 14.68, 5.79237, 370
0.039, 15.278, 6.1215, 370
0.04, 16.19, 7.58379, 370
0.041, 17.307, 7.46383, 370
0.042, 18.065, 7.3891, 370
0.043, 18.583, 7.61466, 370
0.044, 20.311, 11.818, 370
0.045, 20.803, 10.2339, 370
0.046, 24.535, 61.2952, 370
0.047, 24.985, 55.0438, 370
0.048, 28.964, 78.9594, 370
0.049, 34.119, 100.095, 370
0.05, 39.899, 132.282, 370
0.051, 45.283, 151.482, 370
0.052, 57.964, 199.114, 370
0.053, 69.699, 223.74, 370
0.054, 76.27, 245.173, 370
0.055, 97.492, 282.39, 370
0.056, 118.485, 323.53, 370
0.057, 165.739, 390.837, 370
0.058, 172.699, 391.777, 370
0.059, 233.607, 460.07, 370
0.06, 327.916, 536.287, 370
0.061, 401.823, 575.193, 370
0.062, 431.759, 575.411, 370
0.063, 566.366, 603.765, 370
0.064, 645.773, 590.602, 370
0.065, 739.31, 582.636, 370
0.066, 791.101, 530.89, 370
0.067, 839.456, 491.523, 370
0.068, 880.928, 431.354, 370
0.069, 914.66, 347.787, 370
0.07, 892.251, 304.238, 370
0.071, 870.383, 249.142, 370
0.072, 828.907, 219.681, 370
0.073, 786.603, 204.29, 370
0.074, 748.273, 172.901, 370
0.075, 700.454, 146.571, 370
0.076, 646.348, 136.305, 370
0.077, 602.546, 118.96, 370
0.078, 569.985, 111.015, 370
0.079, 531.984, 100.813, 370
0.08, 502.398, 94.4883, 370
0.081, 467.76, 85.9991, 370
0.082, 445.288, 81.1242, 370
0.083, 415.864, 69.7346, 370
0.084, 394.53, 66.4394, 370
0.085, 375.729, 61.7183, 370
0.086, 356.205, 56.8524, 370
0.087, 341.537, 57.0036, 370
0.088, 321.546, 51.4143, 370
0.089, 310.993, 48.5945, 370
0.09, 292.563, 43.9599, 370
0.091, 282.347, 43.0738, 370
0.092, 270.496, 42.8874, 370
0.093, 258.321, 39.3554, 370
0.094, 245.583, 35.4973, 370
0.095, 237.73, 34.8175, 370
0.096, 227.411, 31.0051, 370
0.097, 219.032, 31.563, 370
0.098, 211.193, 29.2398, 370
0.099, 207.469, 29.9722, 370
0.1, 197.098, 28.6943, 370
0.101, 190.064, 26.7684, 370
0.102, 185.493, 25.2595, 370
0.103, 178.53, 23.9683, 370
0.104, 172.842, 22.0766, 370
0.105, 167.984, 22.9001, 370
0.106, 162.074, 21.3077, 370
0.107, 157.23, 21.0383, 370
0.108, 152.484, 20.1088, 370
0.109, 148.949, 19.727, 370
0.11, 143.66, 18.3538, 370
0.111, 139.817, 18.1023, 370
0.112, 136.5, 17.9347, 370
0.113, 132.544, 16.5035, 370
0.114, 130.291, 17.0228, 370
0.115, 125.319, 14.9088, 370
0.116, 121.927, 15.0817, 370
0.117, 120.248, 15.8652, 370
0.118, 116.855, 14.9215, 370
0.119, 114.359, 14.6801, 370
0.12, 111.841, 14.4349, 370
0.121, 108.895, 13.5883, 370
0.122, 106.761, 12.9536, 370
0.123, 104.366, 12.8434, 370
0.124, 102.301, 11.9052, 370
0.125, 99.684, 12.0746, 370
0.126, 97.45, 11.5184, 370
0.127, 95.715, 11.8554, 370
0.128, 94.307, 11.8711, 370
0.129, 91.441, 10.9623, 370
0.13, 89.977, 10.7512, 370
0.131, 87.7, 10.2477, 370
0.132, 86.21, 10.2031, 370
0.133, 84.573, 9.27926, 370
0.134, 83.434, 9.20107, 370
0.135, 81.859, 9.30253, 370
0.136, 80.544, 9.18935, 370
0.137, 79.528, 9.25036, 370
0.138, 78.091, 9.26265, 370
0.139, 76.61, 9.03183, 370
0.14, 74.91, 8.21754, 370
0.141, 73.774, 8.62223, 370
0.142, 72.229, 8.17463, 370
0.143, 71.632, 8.2132, 370
0.144, 70.116, 7.79247, 370
0.145, 69.186, 7.97981, 370
0.146, 68.047, 7.59926, 370
0.147, 67.158, 7.78698, 370
0.148, 66.479, 7.66417, 370
0.149, 65.127, 7.40384, 370
0, 0, 0, 375
0.001, 0.012, 0.154454, 375
0.002, 0.019, 0.17504, 375
0.003, 0.136, 0.54176, 375
0.004, 0.283, 0.696356, 375
0.005, 0.543, 0.902303, 375
0.006, 0.835, 1.11075, 375
0.007, 1.18, 1.20648, 375
0.008, 1.591, 1.19403, 375
0.009, 1.862, 1.29806, 375
0.01, 2.176, 1.27633, 375
0.011, 2.546, 1.35347, 375
0.012, 2.769, 1.34894, 375
0.013, 3.076, 1.57804, 375
0.014, 3.422, 1.69408, 375
0.015, 3.704, 1.7912, 375
0.016, 4.008, 1.85848, 375
0.017, 4.385, 1.89968, 375
0.018, 4.746, 1.95895, 375
0.019, 5.149, 2.02702, 375
0.02, 5.492, 2.32248, 375
0.021, 5.817, 2.27497, 375
0.022, 6.188, 2.40472, 375
0.023, 6.61, 2.44661, 375
0.024, 6.894, 2.66997, 375
0.025, 7.263, 2.69478, 375
0.026, 7.888, 2.87114, 375
0.027, 8.295, 3.11865, 375
0.028, 8.749, 3.42812, 375
0.029, 9.274, 3.56103, 375
0.03, 9.934, 3.88608, 375
0.031, 10.239, 3.81076, 375
0.032, 10.901, 3.99415, 375
0.033, 11.33, 4.34501, 375
0.034, 11.958, 4.72252, 375
0.035, 12.751, 4.83704, 375
0.036, 13.321, 5.20999, 375
0.037, 14.059, 5.72796, 375
0.038, 14.761, 5.66797, 375
0.039, 15.618, 6.76314, 375
0.04, 16.103, 6.56555, 375
0.041, 16.928, 7.37474, 375
0.042, 18.118, 8.6546, 375
0.043, 19.014, 8.20584, 375
0.044, 20.269, 9.47009, 375
0.045, 22.827, 51.6567, 375
0.046, 28.989, 103.317, 375
0.047, 24.479, 14.6155, 375
0.048, 28.093, 54.503, 375
0.049, 34.404, 116.634, 375
0.05, 32.358, 67.2203, 375
0.051, 40.585, 128.436, 375
0.052, 49.911, 155.237, 375
0.053, 60.45, 194.852, 375
0.054, 91.397, 276.567, 375
0.055, 101.708, 293.795, 375
0.056, 129.847, 346.254, 375
0.057, 178.048, 411.447, 375
0.058, 202.933, 441.415, 375
0.059, 267.631, 500.494, 375
0.06, 328.061, 540.925, 375
0.061, 377.881, 563.864, 375
0.062, 464.583, 590.905, 375
0.063, 579.581, 609.282, 375
0.064, 640.042, 597.93, 375
0.065, 728.713, 579.838, 375
0.066, 827.757, 535.723, 375
0.067, 866.856, 496.758, 375
0.068, 893.752, 420.143, 375
0.069, 900.852, 359.743, 375
0.07, 900.367, 293.688, 375
0.071, 871.814, 248.488, 375
0.072, 835.119, 208.904, 375
0.073, 788.388, 185.845, 375
0.074, 739.474, 163.139, 375
0.075, 696.127, 150.377, 375
0.076, 659.008, 138.903, 375
0.077, 600.719, 114.871, 375
0.078, 570.389, 113.627, 375
0.079, 539.183, 105.719, 375
0.08, 499.527, 94.4688, 375
0.081, 470.465, 83.2033, 375
0.082, 443.439, 84.1386, 375
0.083, 420.66, 70.8572, 375
0.084, 395.045, 67.3788, 375
0.085, 377.896, 64.2942, 375
0.086, 357.272, 58.7279, 375
0.087, 338.974, 52.5138, 375
0.088, 325.405, 49.9027, 375
0.089, 308.662, 49.3859, 375
0.09, 294.959, 44.6898, 375
0.091, 282.305, 43.7827, 375
0.092, 270.062, 39.6615, 375
0.093, 259.045, 39.4743, 375
0.094, 248.668, 36.3621, 375
0.095, 237.85, 35.4391, 375
0.096, 230.904, 33.4859, 375
0.097, 218.418, 28.8342, 375
0.098, 212.954, 30.3963, 375
0.099, 205.545, 28.8833, 375
0.1, 197.692, 27.3629, 375
0.101, 190.667, 26.9695, 375
0.102, 183.987, 25.0656, 375
0.103, 179.098, 24.1979, 375
0.104, 174.521, 24.3013, 375
0.105, 167.408, 21.8635, 375
0.106, 162.711, 21.4714, 375
0.107, 157.092, 21.1549, 375
0.108, 152.689, 20.7188, 375
0.109, 149.076, 19.448, 375
0.11, 144.551, 18.6667, 375
0.111, 140.367, 18.0628, 375
0.112, 136.612, 16.9575, 375
0.113, 132.828, 16.3232, 375
0.114, 129.365, 15.9394, 375
0.115, 126.2, 15.6264, 375
0.116, 122.369, 14.954, 375
0.117, 119.893, 14.2143, 375
0.118, 116.837, 13.7718, 375
0.119, 114.923, 14.6486, 375
0.12, 112.294, 13.7071, 375
0.121, 109.063, 13.0806, 375
0.122, 106.282, 12.4612, 375
0.123, 103.954, 12.5432, 375
0.124, 102.081, 12.188, 375
0.125, 99.074, 11.6851, 375
0.126, 97.308, 11.3511, 375
0.127, 96.166, 10.9795, 375
0.128, 93.997, 11.0318, 375
0.129, 91.92, 10.4844, 375
0.13, 90.336, 10.9203, 375
0.131, 88.711, 10.3228, 375
0.132, 86.781, 10.0834, 375
0.133, 85.033, 10.1234, 375
0.134, 83.647, 9.61262, 375
0.135, 81.966, 9.50836, 375
0.136, 80.284, 9.11885, 375
0.137, 79.113, 9.30378, 375
0.138, 78.058, 8.69555, 375
0.139, 76.259, 8.61928, 375
0.14, 74.933, 8.53677, 375
0.141, 74.138, 8.92821, 375
0.142, 72.776, 8.412, 375
0.143, 71.708, 8.31509, 375
0.144, 70.358, 8.24499, 375
0.145, 69.08, 7.71917, 375
0.146, 68.455, 7.76595, 375
0.147, 66.998, 7.80256, 375
0.148, 66.106, 7.77115, 375
0.149, 65.234, 7.17476, 375
0, 0, 0, 380
0.001, 0.004, 0.0893532, 380
0.002, 0.031, 0.228121, 380
0.003, 0.127, 0.47631, 380
0.004, 0.277, 0.685763, 380
0.005, 0.543, 0.946653, 380
0.006, 0.866, 1.06115, 380
0.007, 1.185, 1.15359, 380
0.008, 1.496, 1.18405, 380
0.009, 1.944, 1.24534, 380
0.01, 2.301, 1.23952, 380
0.011, 2.533, 1.29418, 380
0.012, 2.787, 1.39629, 380
0.013, 3.153, 1.57213, 380
0.014, 3.398, 1.598, 380
0.015, 3.83, 1.78916, 380
0.016, 4.105, 1.86654, 380
0.017, 4.474, 1.91659, 380
0.018, 4.841, 2.17893, 380
0.019, 5.252, 1.94486, 380
0.02, 5.571, 2.05693, 380
0.021, 6.016, 2.26534, 380
0.022, 6.358, 2.45354, 380
0.023, 6.767, 2.71527, 380
0.024, 7.064, 2.6092, 380
0.025, 7.431, 2.61825, 380
0.026, 7.831, 2.84261, 380
0.027, 8.238, 2.96738, 380
0.028, 9.109, 3.43178, 380
0.029, 9.383, 3.63982, 380
0.03, 9.786, 3.53641, 380
0.031, 10.214, 3.96689, 380
0.032, 10.798, 3.92851, 380
0.033, 11.309, 3.9112, 380
0.034, 11.854, 4.65389, 380
0.035, 12.469, 4.45859, 380
0.036, 13.237, 5.14867, 380
0.037, 14.16, 5.24294, 380
0.038, 14.661, 5.42015, 380
0.039, 15.829, 6.68669, 380
0.04, 16.094, 6.43064, 380
0.041, 17.142, 6.95024, 380
0.042, 18.361, 7.38896, 380
0.043, 18.886, 8.15763, 380
0.044, 20.843, 10.3284, 380
0.045, 21.319, 9.53432, 380
0.046, 22.9, 11.1268, 380
0.047, 28.053, 78.8568, 380
0.048, 28.425, 61.936, 380
0.049, 29.86, 67.1456, 380
0.05, 36.571, 109.843, 380
0.051, 43.271, 131.466, 380
0.052, 62.119, 217.502, 380
0.053, 79.294, 258.819, 380
0.054, 86.971, 263.623, 380
0.055, 98.861, 293.435, 380
0.056, 130.251, 348.987, 380
0.057, 181.499, 421.788, 380
0.058, 225.957, 469.719, 380
0.059, 266.915, 499.575, 380
0.06, 335.621, 548.554, 380
0.061, 381.123, 568.027, 380
0.062, 487.331, 606.684, 380
0.063, 554.419, 608.736, 380
0.064, 661.567, 613.732, 380
0.065, 776.439, 568.788, 380
0.066, 817.416, 546.895, 380
0.067, 890.664, 469.308, 380
0.068, 893.083, 410.51, 380
0.069, 909.582, 356.758, 380
0.07, 928.353, 293.257, 380
0.071, 897.732, 242.813, 380
0.072, 834.915, 216.117, 380
0.073, 804.439, 178.714, 380
0.074, 741.667, 154.577, 380
0.075, 700.737, 151.873, 380
0.076, 654.612, 131.165, 380
0.077, 613.92, 126.3, 380
0.078, 572.166, 113.038, 380
0.079, 530.917, 98.4362, 380
0.08, 502.45, 94.6952, 380
0.081, 471.63, 85.8706, 380
0.082, 444.025, 82.0523, 380
0.083, 422.546, 75.9707, 380
0.084, 396.828, 67.5121, 380
0.085, 377.213, 65.1827, 380
0.086, 354.33, 56.8068, 380
0.087, 339.414, 57.3079, 380
0.088, 322.937, 50.0281, 380
0.089, 309.781, 49.4877, 380
0.09, 297.509, 46.2883, 380
0.091, 281.528, 43.014, 380
0.092, 269.179, 37.9424, 380
0.093, 258.164, 36.6196, 380
0.094, 248.967, 34.6797, 380
0.095, 239.23, 35.6126, 380
0.096, 230.908, 33.6732, 380
0.097, 221.683, 31.632, 380
0.098, 210.942, 29.6708, 380
0.099, 204.145, 27.1624, 380
0.1, 197.476, 26.3752, 380
0.101, 191.559, 25.7594, 380
0.102, 184.171, 24.8123, 380
0.103, 178.408, 24.2201, 380
0.104, 172.831, 22.452, 380
0.105, 167.931, 21.3599, 380
0.106, 161.816, 21.4868, 380
0.107, 156.839, 20.2198, 380
0.108, 152.61, 19.8614, 380
0.109, 148.019, 18.5566, 380
0.11, 144.841, 19.1052, 380
0.111, 141.639, 18.5397, 380
0.112, 136.384, 17.5863, 380
0.113, 132.531, 16.192, 380
0.114, 128.929, 16.0867, 380
0.115, 126.442, 16.0858, 380
0.116, 122.415, 14.5589, 380
0.117, 120.786, 15.8194, 380
0.118, 116.999, 14.2384, 380
0.119, 114.716, 14.3308, 380
0.12, 111.377, 13.6584, 380
0.121, 108.663, 12.9505, 380
0.122, 106.563, 12.9386, 380
0.123, 103.802, 11.8841, 380
0.124, 102.402, 12.4436, 380
0.125, 100.04, 11.6667, 380
0.126, 97.366, 11.5472, 380
0.127, 96.101, 11.3893, 380
0.128, 93.898, 10.5895, 380
0.129, 91.719, 10.7651, 380
0.13, 90.12, 10.398, 380
0.131, 88.448, 10.3153, 380
0.132, 86.691, 9.81985, 380
0.133, 84.931, 9.89183, 380
0.134, 83.911, 9.95576, 380
0.135, 81.995, 9.25781, 380
0.136, 81.118, 9.60948, 380
0.137, 79.925, 9.92075, 380
0.138, 77.799, 8.71909, 380
0.139, 76.566, 9.07875, 380
0.14, 75.278, 8.64215, 380
0.141, 73.408, 8.33244, 380
0.142, 72.974, 8.43667, 380
0.143, 71.395, 7.80775, 380
0.144, 70.366, 8.0409, 380
0.145, 69.197, 8.08407, 380
0.146, 68.147, 7.53481, 380
0.147, 67.021, 7.75929, 380
0.148, 66.555, 7.6803, 380
0.149, 65.402, 7.4457, 380
0, 0, 0, 385
0.001, 0.008, 0.17302, 385
0.002, 0.04, 0.26533, 385
0.003, 0.154, 0.553429, 385
0.004, 0.315, 0.744161, 385
0.005, 0.54, 0.907965, 385
0.006, 0.91, 1.0954, 385
0.007, 1.228, 1.14369, 385
0.008, 1.589, 1.27439, 385
0.009, 1.98, 1.20399, 385
0.01, 2.216, 1.23424, 385
0.011, 2.546, 1.33936, 385
0.012, 2.971, 1.54213, 385
0.013, 3.192, 1.63803, 385
0.014, 3.43, 1.72543, 385
0.015, 3.847, 1.74516, 385
0.016, 4.166, 1.9038, 385
0.017, 4.605, 1.91859, 385
0.018, 4.955, 1.91546, 385
0.019, 5.304, 2.19672, 385
0.02, 5.664, 2.182, 385
0.021, 6.024, 2.16966, 385
0.022, 6.283, 2.26338, 385
0.023, 6.696, 2.40699, 385
0.024, 7.023, 2.48485, 385
0.025, 7.576, 2.81251, 385
0.026, 8.06, 3.17433, 385
0.027, 8.424, 3.14583, 385
0.028, 8.802, 3.31946, 385
0.029, 9.425, 3.47223, 385
0.03, 10.033, 3.81889, 385
0.031, 10.404, 3.9513, 385
0.032, 10.932, 3.95391, 385
0.033, 11.438, 4.36304, 385
0.034, 12.103, 4.54383, 385
0.035, 12.866, 4.69213, 385
0.036, 13.295, 5.15014, 385
0.037, 14.244, 5.68845, 385
0.038, 14.663, 5.6414, 385
0.039, 15.423, 6.66154, 385
0.04, 16.524, 7.13326, 385
0.041, 17.817, 8.51419, 385
0.042, 18.537, 8.7075, 385
0.043, 19.923, 9.20234, 385
0.044, 20.963, 10.1794, 385
0.045, 21.609, 9.78407, 385
0.046, 27.727, 88.8094, 385
0.047, 26.288, 56.3475, 385
0.048, 27.122, 17.2501, 385
0.049, 39.877, 144.551, 385
0.05, 39.478, 131.546, 385
0.051, 42.756, 126.736, 385
0.052, 52.602, 170.687, 385
0.053, 59.963, 193.953, 385
0.054, 73.057, 224.287, 385
0.055, 110.735, 313.856, 385
0.056, 119.373, 321.567, 385
0.057, 166.468, 399.124, 385
0.058, 218.967, 463.704, 385
0.059, 270.007, 504.812, 385
0.06, 337.153, 551.649, 385
0.061, 412.371, 579.768, 385
0.062, 494.402, 605.939, 385
0.063, 636.235, 636.851, 385
0.064, 680.318, 622.505, 385
0.065, 796.47, 590.003, 385
0.066, 839.63, 543.959, 385
0.067, 913.493, 469.982, 385
0.068, 912.406, 428.572, 385
0.069, 918.168, 360.738, 385
0.07, 924.34, 292.418, 385
0.071, 881.526, 250.734, 385
0.072, 842.354, 214.245, 385
0.073, 789.943, 182.537, 385
0.074, 741.793, 165.231, 385
0.075, 697.568, 145.949, 385
0.076, 653.74, 133.51, 385
0.077, 610.491, 120.775, 385
0.078, 571.285, 117.327, 385
0.079, 535.021, 104.633, 385
0.08, 504.445, 91.6142, 385
0.081, 473.445, 88.2592, 385
0.082, 444.757, 75.6074, 385
0.083, 420.664, 73.1474, 385
0.084, 394.762, 66.5841, 385
0.085, 376.645, 63.3813, 385
0.086, 359.614, 56.8677, 385
0.087, 343.418, 53.8671, 385
0.088, 324.472, 52.9307, 385
0.089, 311.383, 48.5057, 385
0.09, 294.573, 47.4341, 385
0.091, 283.203, 42.8157, 385
0.092, 272.05, 40.26, 385
0.093, 258.245, 37.8118, 385
0.094, 247.662, 35.2012, 385
0.095, 240.546, 35.4849, 385
0.096, 229.689, 32.825, 385
0.097, 221.782, 31.3541, 385
0.098, 213.446, 29.8173, 385
0.099, 205.605, 28.761, 385
0.1, 197.645, 26.8049, 385
0.101, 191.292, 26.1692, 385
0.102, 184.325, 25.5963, 385
0.103, 179.189, 24.0178, 385
0.104, 171.981, 21.8423, 385
0.105, 167.663, 22.2525, 385
0.106, 162.514, 21.3333, 385
0.107, 157.032, 20.9002, 385
0.108, 153.925, 19.7817, 385
0.109, 147.525, 18.6442, 385
0.11, 144.322, 18.2433, 385
0.111, 139.776, 17.2579, 385
0.112, 136.591, 17.8132, 385
0.113, 132.082, 15.7932, 385
0.114, 130.03, 16.4787, 385
0.115, 125.653, 15.684, 385
0.116, 123.175, 15.0493, 385
0.117, 119.838, 14.6556, 385
0.118, 117.251, 14.2436, 385
0.119, 113.853, 13.4312, 385
0.12, 112.58, 13.8192, 385
0.121, 109.119, 12.9937, 385
0.122, 106.742, 12.952, 385
0.123, 104.571, 12.1624, 385
0.124, 101.665, 12.6335, 385
0.125, 100.414, 12.2863, 385
0.126, 97.747, 11.3034, 385
0.127, 95.817, 11.0638, 385
0.128, 93.673, 11.4646, 385
0.129, 91.599, 10.2683, 385
0.13, 89.94, 10.3853, 385
0.131, 89.103, 10.489, 385
0.132, 86.204, 9.83496, 385
0.133, 84.888, 9.77136, 385
0.134, 83.543, 9.82528, 385
0.135, 81.973, 9.19219, 385
0.136, 80.485, 9.117, 385
0.137, 78.988, 9.04046, 385
0.138, 78.241, 9.32421, 385
0.139, 76.562, 9.02863, 385
0.14, 74.829, 8.27283, 385
0.141, 73.476, 8.39187, 385
0.142, 72.925, 9.04231, 385
0.143, 71.269, 8.17622, 385
0.144, 70.222, 8.19968, 385
0.145, 69.424, 7.58474, 385
0.146, 68.877, 8.27405, 385
0.147, 67.277, 7.29111, 385
0.148, 66.164, 7.40359, 385
0.149, 65.436, 7.39039, 385
0, 0, 0, 390
0.001, 0.003, 0.070647, 390
0.002, 0.034, 0.242578, 390
0.003, 0.151, 0.521727, 390
0.004, 0.302, 0.740808, 390
0.005, 0.568, 0.947299, 390
0.006, 0.893, 1.08331, 390
0.007, 1.247, 1.16189, 390
0.008, 1.525, 1.19473, 390
0.009, 1.935, 1.25331, 390
0.01, 2.339, 1.31228, 390
0.011, 2.559, 1.30097, 390
0.012, 2.804, 1.4084, 390
0.013, 3.234, 1.58469, 390
0.014, 3.486, 1.75094, 390
0.015, 3.876, 1.77274, 390
0.016, 4.194, 1.75225, 390
0.017, 4.682, 1.92999, 390
0.018, 4.824, 1.97915, 390
0.019, 5.425, 2.20508, 390
0.02, 5.695, 2.1326, 390
0.021, 6.163, 2.49969, 390
0.022, 6.413, 2.47759, 390
0.023, 6.718, 2.39551, 390
0.024, 7.24, 2.70562, 390
0.025, 7.567, 2.68319, 390
0.026, 8.045, 3.18857, 390
0.027, 8.588, 3.12222, 390
0.028, 8.829, 3.3033, 390
0.029, 9.332, 3.61798, 390
0.03, 9.785, 3.48895, 390
0.031, 10.377, 3.84719, 390
0.032, 11.216, 4.38467, 390
0.033, 11.757, 4.74531, 390
0.034, 12.266, 4.52739, 390
0.035, 13.08, 5.24191, 390
0.036, 13.513, 5.01456, 390
0.037, 14.371, 5.61777, 390
0.038, 14.958, 5.69388, 390
0.039, 15.596, 6.439, 390
0.04, 16.025, 6.16509, 390
0.041, 17.17, 7.08556, 390
0.042, 18.562, 7.03464, 390
0.043, 19.595, 8.40541, 390
0.044, 21.104, 10.1138, 390
0.045, 21.561, 10.3729, 390
0.046, 24.716, 51.7862, 390
0.047, 24.271, 15.3429, 390
0.048, 27.326, 15.0486, 390
0.049, 31.091, 74.1198, 390
0.05, 35.843, 104.421, 390
0.051, 55.922, 198.757, 390
0.052, 57.322, 191.249, 390
0.053, 56.258, 177.676, 390
0.054, 91.835, 282.499, 390
0.055, 94.894, 277.538, 390
0.056, 153.339, 389.597, 390
0.057, 162.592, 388.432, 390
0.058, 247.72, 496.761, 390
0.059, 296.996, 538.655, 390
0.06, 341.529, 557.908, 390
0.061, 433.586, 600.003, 390
0.062, 519.532, 630.975, 390
0.063, 599.241, 629.505, 390
0.064, 730.788, 615.628, 390
0.065, 803.167, 597.63, 390
0.066, 854.376, 536.901, 390
0.067, 889.292, 496.971, 390
0.068, 940.046, 404.96, 390
0.069, 943.751, 356.415, 390
0.07, 926.152, 289.856, 390
0.071, 896.191, 245.334, 390
0.072, 853.063, 225.437, 390
0.073, 792.841, 179.863, 390
0.074, 754.207, 174.993, 390
0.075, 699.63, 150.32, 390
0.076, 650.474, 134.612, 390
0.077, 610.652, 116.152, 390
0.078, 570.76, 109.189, 390
0.079, 538.649, 101.165, 390
0.08, 501.683, 95.4475, 390
0.081, 470.138, 83.1137, 390
0.082, 447.086, 77.1506, 390
0.083, 421.178, 74.4377, 390
0.084, 400.469, 69.0933, 390
0.085, 381.573, 63.0745, 390
0.086, 361.942, 59.1267, 390
0.087, 342.733, 57.9055, 390
0.088, 326.296, 51.2316, 390
0.089, 310.801, 49.862, 390
0.09, 293.303, 45.3339, 390
0.091, 284.664, 44.2002, 390
0.092, 269.427, 38.6721, 390
0.093, 258.432, 39.3146, 390
0.094, 248.969, 36.4553, 390
0.095, 237.83, 35.4679, 390
0.096, 230.613, 33.1064, 390
0.097, 222.066, 31.8105, 390
0.098, 214.182, 29.0161, 390
0.099, 205.826, 28.7918, 390
0.1, 198.399, 25.8692, 390
0.101, 191.875, 25.6956, 390
0.102, 186.156, 25.8948, 390
0.103, 179.959, 23.9247, 390
0.104, 173.265, 22.938, 390
0.105, 168.4, 22.3703, 390
0.106, 163.976, 21.6363, 390
0.107, 158.104, 20.2576, 390
0.108, 152.181, 19.416, 390
0.109, 148.73, 19.9012, 390
0.11, 145.11, 19.1957, 390
0.111, 140.818, 17.5593, 390
0.112, 136.699, 17.5699, 390
0.113, 133.529, 16.7831, 390
0.114, 130.348, 15.9146, 390
0.115, 126.202, 16.296, 390
0.116, 123.242, 15.2773, 390
0.117, 120.273, 14.4207, 390
0.118, 117.437, 13.7504, 390
0.119, 114.004, 13.7901, 390
0.12, 111.957, 13.0506, 390
0.121, 109.562, 13.1315, 390
0.122, 106.891, 12.8904, 390
0.123, 104.763, 12.3911, 390
0.124, 102.107, 11.7258, 390
0.125, 99.919, 11.7255, 390
0.126, 98.324, 11.4166, 390
0.127, 95.565, 11.1335, 390
0.128, 93.685, 10.6533, 390
0.129, 91.579, 10.7418, 390
0.13, 90.207, 10.0089, 390
0.131, 88.595, 10.4194, 390
0.132, 86.961, 10.4598, 390
0.133, 85.31, 9.66716, 390
0.134, 83.681, 9.46368, 390
0.135, 82.41, 9.32577, 390
0.136, 80.373, 8.97228, 390
0.137, 78.779, 8.9416, 390
0.138, 77.847, 8.74858, 390
0.139, 76.72, 9.11107, 390
0.14, 75.403, 8.47989, 390
0.141, 74.423, 9.23255, 390
0.142, 72.422, 8.1928, 390
0.143, 71.438, 7.88163, 390
0.144, 70.317, 7.64242, 390
0.145, 69.575, 7.77756, 390
0.146, 68.231, 7.39646, 390
0.147, 67.028, 7.68526, 390
0.148, 66.211, 7.35367, 390
0.149, 65.16, 7.35924, 390
0, 0, 0, 395
0.001, 0.005, 0.0947365, 395
0.002, 0.037, 0.256185, 395
0.003, 0.137, 0.527476, 395
0.004, 0.326, 0.734659, 395
0.005, 0.596, 0.959575, 395
0.006, 0.962, 1.13073, 395
0.007, 1.213, 1.17117, 395
0.008, 1.684, 1.15158, 395
0.009, 1.998, 1.26728, 395
0.01, 2.312, 1.30025, 395
0.011, 2.627, 1.39423, 395
0.012, 3.011, 1.68845, 395
0.013, 3.207, 1.65292, 395
0.014, 3.582, 1.72432, 395
0.015, 3.925, 1.7898, 395
0.016, 4.217, 1.8428, 395
0.017, 4.583, 1.84095, 395
0.018, 4.888, 1.9569, 395
0.019, 5.45, 2.16414, 395
0.02, 5.606, 2.0892, 395
0.021, 6.029, 2.32726, 395
0.022, 6.482, 2.56743, 395
0.023, 6.887, 2.59465, 395
0.024, 7.341, 2.95071, 395
0.025, 7.567, 2.61104, 395
0.026, 7.987, 3.03658, 395
0.027, 8.525, 3.20708, 395
0.028, 9.224, 3.87348, 395
0.029, 9.486, 3.37132, 395
0.03, 10.052, 3.6262, 395
0.031, 10.53, 4.04933, 395
0.032, 11.411, 4.91305, 395
0.033, 11.634, 4.27645, 395
0.034, 12.518, 5.30167, 395
0.035, 13.008, 5.07995, 395
0.036, 13.593, 5.20397, 395
0.037, 14.457, 6.21532, 395
0.038, 15.181, 6.52167, 395
0.039, 15.866, 6.53958, 395
0.04, 16.584, 7.10907, 395
0.041, 17.982, 8.4645, 395
0.042, 18.461, 8.39836, 395
0.043, 19.877, 9.39084, 395
0.044, 20.928, 10.0473, 395
0.045, 21.733, 9.48218, 395
0.046, 25.795, 59.9077, 395
0.047, 27.035, 65.7895, 395
0.048, 36.821, 129.032, 395
0.049, 34.771, 107.75, 395
0.05, 37.617, 109.472, 395
0.051, 46.503, 155.241, 395
0.052, 65.495, 236.294, 395
0.053, 75.475, 247.83, 395
0.054, 65.854, 201.651, 395
0.055, 112.136, 324.221, 395
0.056, 139.005, 364.569, 395
0.057, 172.038, 407.597, 395
0.058, 212.756, 462.593, 395
0.059, 285.861, 520.684, 395
0.06, 342.819, 561.224, 395
0.061, 435.581, 608.225, 395
0.062, 525.192, 634.068, 395
0.063, 604.442, 633.951, 395
0.064, 701.788, 626.248, 395
0.065, 794.87, 589.031, 395
0.066, 859.823, 557.615, 395
0.067, 928.742, 474.065, 395
0.068, 970.413, 409.485, 395
0.069, 938.806, 358.561, 395
0.07, 922.589, 299.513, 395
0.071, 897.289, 238.591, 395
0.072, 865.571, 209.351, 395
0.073, 790.973, 171.986, 395
0.074, 747.952, 158.46, 395
0.075, 704.149, 150.964, 395
0.076, 651.835, 134.188, 395
0.077, 614.978, 124.338, 395
0.078, 578.903, 112.158, 395
0.079, 538.708, 103.284, 395
0.08, 504.363, 93.4053, 395
0.081, 473.076, 85.9793, 395
0.082, 445.709, 80.4232, 395
0.083, 425.587, 74.2482, 395
0.084, 398.911, 68.5118, 395
0.085, 377.982, 63.6527, 395
0.086, 363.094, 61.2835, 395
0.087, 342.43, 56.2629, 395
0.088, 322.427, 50.3411, 395
0.089, 313.988, 50.9076, 395
0.09, 294.198, 44.1832, 395
0.091, 283.992, 40.6091, 395
0.092, 271.109, 40.4929, 395
0.093, 257.294, 36.6422, 395
0.094, 248.343, 34.7446, 395
0.095, 238.988, 34.678, 395
0.096, 229.856, 32.311, 395
0.097, 221.853, 30.4776, 395
0.098, 212.551, 28.7994, 395
0.099, 206.055, 27.9173, 395
0.1, 197.784, 25.9211, 395
0.101, 191.433, 25.0552, 395
0.102, 185.663, 25.0987, 395
0.103, 178.938, 23.5111, 395
0.104, 172.297, 22.8378, 395
0.105, 168.43, 22.2125, 395
0.106, 161.677, 20.4484, 395
0.107, 157.532, 19.5663, 395
0.108, 153.08, 19.6662, 395
0.109, 147.646, 17.4551, 395
0.11, 145.093, 18.1702, 395
0.111, 141.511, 17.3721, 395
0.112, 137.155, 17.0244, 395
0.113, 132.975, 16.34, 395
0.114, 129.372, 16.7945, 395
0.115, 126.765, 15.9909, 395
0.116, 123.535, 14.8014, 395
0.117, 120.233, 14.3839, 395
0.118, 117.602, 14.2122, 395
0.119, 114.041, 13.3431, 395
0.12, 111.375, 12.7617, 395
0.121, 109.952, 13.8941, 395
0.122, 106.619, 12.6153, 395
0.123, 104.538, 12.4067, 395
0.124, 102.872, 11.9274, 395
0.125, 99.587, 12.0345, 395
0.126, 97.832, 11.1399, 395
0.127, 96.126, 11.0034, 395
0.128, 93.831, 10.2191, 395
0.129, 91.738, 10.2005, 395
0.13, 90.466, 10.2999, 395
0.131, 88.554, 10.0502, 395
0.132, 86.978, 10.4757, 395
0.133, 85.748, 10.5333, 395
0.134, 83.621, 9.38527, 395
0.135, 82.29, 9.62766, 395
0.136, 81.045, 9.44992, 395
0.137, 79.274, 9.11619, 395
0.138, 78.155, 9.43764, 395
0.139, 76.865, 8.73824, 395
0.14, 75.305, 8.63215, 395
0.141, 73.778, 8.26031, 395
0.142, 72.958, 8.57136, 395
0.143, 71.787, 7.94693, 395
0.144, 70.086, 8.02874, 395
0.145, 69.509, 7.60552, 395
0.146, 68.26, 7.72104, 395
0.147, 67.564, 7.85213, 395
0.148, 66.272, 6.97768, 395
0.149, 65.616, 7.29565, 395
0, 0, 0, 400
0.001, 0.005, 0.0947365, 400
0.002, 0.033, 0.240647, 400
0.003, 0.145, 0.49191, 400
0.004, 0.325, 0.753243, 400
0.005, 0.59, 0.960156, 400
0.006, 0.983, 1.13697, 400
0.007, 1.282, 1.08004, 400
0.008, 1.628, 1.23435, 400
0.009, 2.019, 1.23557, 400
0.01, 2.333, 1.32216, 400
0.011, 2.655, 1.29999, 400
0.012, 2.924, 1.4954, 400
0.013, 3.291, 1.61689, 400
0.014, 3.614, 1.78298, 400
0.015, 3.903, 1.79989, 400
0.016, 4.215, 1.80521, 400
0.017, 4.648, 1.96827, 400
0.018, 4.985, 1.90756, 400
0.019, 5.43, 2.08641, 400
0.02, 5.648, 2.01099, 400
0.021, 6.117, 2.24395, 400
0.022, 6.546, 2.45762, 400
0.023, 6.925, 2.60026, 400
0.024, 7.12, 2.54433, 400
0.025, 7.658, 2.75627, 400
0.026, 8.223, 3.13357, 400
0.027, 8.699, 3.2035, 400
0.028, 9.041, 3.23594, 400
0.029, 9.618, 3.5536, 400
0.03, 10.233, 3.90035, 400
0.031, 10.598, 3.87484, 400
0.032, 11.249, 4.40738, 400
0.033, 11.873, 4.32838, 400
0.034, 12.392, 4.42452, 400
0.035, 12.952, 5.53567, 400
0.036, 13.511, 5.27844, 400
0.037, 14.703, 5.68971, 400
0.038, 15.514, 6.20788, 400
0.039, 16.373, 7.17383, 400
0.04, 16.877, 6.99985, 400
0.041, 17.801, 8.9429, 400
0.042, 19.1, 12.8529, 400
0.043, 19.433, 8.18825, 400
0.044, 20.884, 11.4394, 400
0.045, 22.344, 9.62194, 400
0.046, 25.654, 51.0401, 400
0.047, 26.254, 63.0973, 400
0.048, 32.765, 110.14, 400
0.049, 36.484, 119.58, 400
0.05, 43.182, 141.568, 400
0.051, 46.423, 149.249, 400
0.052, 64.237, 223.234, 400
0.053, 68.798, 226.444, 400
0.054, 69.208, 207.434, 400
0.055, 123.162, 346.515, 400
0.056, 152.788, 394.68, 400
0.057, 187.028, 434.39, 400
0.058, 235.634, 487.777, 400
0.059, 321.092, 565.453, 400
0.06, 405.631, 607.289, 400
0.061, 482.357, 639.156, 400
0.062, 564.285, 647.304, 400
0.063, 658.347, 653.463, 400
0.064, 711.943, 628.999, 400
0.065, 808.117, 604.087, 400
0.066, 858.819, 552.649, 400
0.067, 945.375, 482.052, 400
0.068, 943.452, 421.75, 400
0.069, 985.699, 338.774, 400
0.07, 939.929, 294.7, 400
0.071, 909.46, 253.288, 400
0.072, 865.774, 204.351, 400
0.073, 810.512, 171.88, 400
0.074, 754.702, 171.675, 400
0.075, 695.293, 152.412, 400
0.076, 647.098, 131.832, 400
0.077, 615.36, 127.27, 400
0.078, 570.254, 108.204, 400
0.079, 535.22, 105.449, 400
0.08, 504.995, 93.2879, 400
0.081, 474.741, 86.6526, 400
0.082, 449.746, 78.4973, 400
0.083, 420.72, 72.6962, 400
0.084, 399.895, 67.5427, 400
0.085, 375.673, 63.0543, 400
0.086, 358.109, 59.6134, 400
0.087, 345.838, 55.6625, 400
0.088, 325.89, 53.0992, 400
0.089, 309.184, 47.0485, 400
0.09, 294.931, 44.8736, 400
0.091, 282.934, 41.7977, 400
0.092, 272.874, 41.0685, 400
0.093, 260.519, 36.6376, 400
0.094, 248.196, 34.4526, 400
0.095, 238.395, 33.0761, 400
0.096, 228.765, 30.8375, 400
0.097, 221.435, 32.3035, 400
0.098, 212.411, 28.6165, 400
0.099, 205.934, 27.3031, 400
0.1, 199.621, 26.5484, 400
0.101, 191.371, 25.8044, 400
0.102, 185.216, 24.319, 400
0.103, 178.849, 22.9566, 400
0.104, 172.425, 21.3543, 400
0.105, 168.664, 22.5172, 400
0.106, 162.705, 20.9959, 400
0.107, 157.424, 19.6216, 400
0.108, 153.414, 19.5711, 400
0.109, 149.115, 18.7847, 400
0.11, 145.892, 18.4006, 400
0.111, 141.297, 18.3678, 400
0.112, 138.15, 17.022, 400
0.113, 132.281, 15.409, 400
0.114, 129.101, 16.3279, 400
0.115, 126.659, 15.9303, 400
0.116, 124.615, 16.6788, 400
0.117, 121.321, 15.0651, 400
0.118, 117.916, 14.6705, 400
0.119, 114.219, 13.3671, 400
0.12, 112.119, 13.4363, 400
0.121, 109.269, 13.3006, 400
0.122, 106.468, 12.6491, 400
0.123, 104.432, 12.081, 400
0.124, 102.654, 11.8551, 400
0.125, 99.694, 11.4917, 400
0.126, 97.937, 11.7971, 400
0.127, 95.74, 10.8093, 400
0.128, 94.062, 11.2376, 400
0.129, 92.572, 10.882, 400
0.13, 90.928, 11.1045, 400
0.131, 87.899, 10.2137, 400
0.132, 87.158, 9.97001, 400
0.133, 85.138, 9.28434, 400
0.134, 83.698, 9.73893, 400
0.135, 82.683, 9.69673, 400
0.136, 81.23, 9.57388, 400
0.137, 79.243, 9.01853, 400
0.138, 78.165, 9.21172, 400
0.139, 75.965, 8.32273, 400
0.14, 75.336, 8.72279, 400
0.141, 74.382, 8.79023, 400
0.142, 73.074, 8.32674, 400
0.143, 71.78, 8.09689, 400
0.144, 70.348, 7.73957, 400
0.145, 69.28, 7.64641, 400
0.146, 68.741, 7.89075, 400
0.147, 67.514, 7.42952, 400
0.148, 66.576, 7.40299, 400
0.149, 65.416, 7.47295, 400

Processor time: 288869.

Wall time: 289237s.
