This function calculates N(6, 3, p).

Parameters: #simulations = 100.
p from 0.05 to 0.35 step 0.01.

p, N(p), SD, size.

0.05, 0.04, 0.28, 5
0.06, 0.08, 0.365513, 5
0.07, 0.02, 0.198997, 5
0.08, 0.21, 0.803679, 5
0.09, 0.21, 0.803679, 5
0.1, 0.42, 1.26633, 5
0.11, 0.28, 0.872697, 5
0.12, 0.58, 1.25841, 5
0.13, 0.75, 1.64545, 5
0.14, 0.86, 1.65542, 5
0.15, 1.12, 2.02129, 5
0.16, 1.47, 2.08065, 5
0.17, 1.38, 2.27059, 5
0.18, 1.32, 2.11603, 5
0.19, 1.87, 2.42345, 5
0.2, 2.24, 2.31569, 5
0.21, 1.84, 2.46868, 5
0.22, 2.11, 2.30606, 5
0.23, 2.8, 2.8, 5
0.24, 2.31, 2.44416, 5
0.25, 2.46, 2.128, 5
0.26, 2.99, 2.38954, 5
0.27, 3.01, 2.57874, 5
0.28, 3.14, 2.41255, 5
0.29, 3.56, 2.32086, 5
0.3, 3.12, 2.40948, 5
0.31, 3.81, 2.20316, 5
0.32, 3.67, 2.18657, 5
0.33, 3.85, 2.00187, 5
0.34, 3.6, 2.17256, 5

Processor time: 0.006.

p, N(p), SD, size.

0.05, 0.54, 1.90484, 10
0.06, 0.41, 1.19243, 10
0.07, 0.71, 1.68698, 10
0.08, 1.08, 2.07692, 10
0.09, 2.12, 3.18522, 10
0.1, 3, 4.69255, 10
0.11, 3.47, 4.96881, 10
0.12, 4.13, 4.96519, 10
0.13, 4.07, 5.75196, 10
0.14, 5.42, 4.98634, 10
0.15, 6.82, 6.29505, 10
0.16, 8.66, 6.49803, 10
0.17, 8.33, 6.90949, 10
0.18, 9.7, 6.18628, 10
0.19, 10.42, 6.43612, 10
0.2, 10.68, 5.40903, 10
0.21, 11.48, 5.49633, 10
0.22, 11.79, 4.27152, 10
0.23, 11.97, 4.444, 10
0.24, 12.21, 4.75877, 10
0.25, 11.73, 4.14935, 10
0.26, 11.79, 4.36645, 10
0.27, 11.03, 4.14115, 10
0.28, 10.6, 3.42053, 10
0.29, 10.44, 3.0375, 10
0.3, 10.45, 3.42746, 10
0.31, 9.92, 3.27622, 10
0.32, 9.26, 2.84823, 10
0.33, 8.41, 2.54203, 10
0.34, 8.55, 2.69583, 10

Processor time: 0.029.

p, N(p), SD, size.

0.05, 0.67, 1.85502, 15
0.06, 1.24, 2.10295, 15
0.07, 2.15, 2.8892, 15
0.08, 3.4, 5.1225, 15
0.09, 4.8, 6.03821, 15
0.1, 6.16, 7.10313, 15
0.11, 7.53, 8.26493, 15
0.12, 11.66, 9.31474, 15
0.13, 13.98, 11.273, 15
0.14, 14.05, 10.9237, 15
0.15, 17.58, 10.9911, 15
0.16, 20.14, 10.3904, 15
0.17, 20.7, 9.22984, 15
0.18, 21.21, 8.26595, 15
0.19, 20.4, 7.57496, 15
0.2, 20.63, 7.27551, 15
0.21, 20.21, 6.91418, 15
0.22, 20.53, 6.91152, 15
0.23, 18.89, 6.28474, 15
0.24, 16.83, 4.66488, 15
0.25, 16.08, 5.06296, 15
0.26, 15.08, 4.23953, 15
0.27, 14.52, 3.97864, 15
0.28, 13.99, 4.29766, 15
0.29, 12.37, 3.40193, 15
0.3, 12.64, 3.41034, 15
0.31, 11.69, 2.86948, 15
0.32, 11.8, 3.39706, 15
0.33, 11.17, 2.94297, 15
0.34, 10.38, 2.72316, 15

Processor time: 0.076.

p, N(p), SD, size.

0.05, 0.97, 2.12346, 20
0.06, 2.17, 3.4498, 20
0.07, 4.17, 5.91279, 20
0.08, 4.61, 5.08703, 20
0.09, 8.05, 11.4825, 20
0.1, 11.55, 11.3889, 20
0.11, 16.57, 17.7962, 20
0.12, 22.63, 17.9269, 20
0.13, 23.93, 16.3035, 20
0.14, 30.08, 16.0939, 20
0.15, 32.4, 13.8578, 20
0.16, 32.89, 11.6918, 20
0.17, 29.81, 8.92378, 20
0.18, 30.16, 8.08668, 20
0.19, 28.34, 9.25551, 20
0.2, 25.22, 6.7935, 20
0.21, 23.13, 6.4663, 20
0.22, 22.18, 6.12434, 20
0.23, 20.82, 5.81959, 20
0.24, 19.81, 5.20326, 20
0.25, 18.46, 5.3412, 20
0.26, 16.8, 4.20476, 20
0.27, 15.94, 4.41321, 20
0.28, 15.19, 3.50056, 20
0.29, 13.8, 3.59166, 20
0.3, 13.32, 3.56337, 20
0.31, 12.46, 2.91349, 20
0.32, 12.57, 2.93003, 20
0.33, 11.65, 3.57876, 20
0.34, 10.87, 2.42757, 20

Processor time: 0.161.

p, N(p), SD, size.

0.05, 2.17, 3.23745, 25
0.06, 4.94, 8.76792, 25
0.07, 5.7, 6.01581, 25
0.08, 8.13, 7.3616, 25
0.09, 15.05, 21.1004, 25
0.1, 18.75, 20.4829, 25
0.11, 28.73, 24.9719, 25
0.12, 37.12, 23.9045, 25
0.13, 42.3, 21.723, 25
0.14, 42.24, 15.2264, 25
0.15, 44.3, 14.5365, 25
0.16, 40.67, 12.7138, 25
0.17, 37.2, 13.4417, 25
0.18, 34.52, 9.97344, 25
0.19, 30.56, 8.79923, 25
0.2, 28.31, 5.9375, 25
0.21, 25.13, 6.06408, 25
0.22, 24.02, 6.11716, 25
0.23, 21.5, 4.32551, 25
0.24, 19.95, 4.39175, 25
0.25, 19.11, 4.62362, 25
0.26, 17.74, 4.82622, 25
0.27, 16.23, 3.99463, 25
0.28, 15.73, 3.33423, 25
0.29, 14.37, 3.28224, 25
0.3, 13.87, 3.22383, 25
0.31, 12.87, 2.97205, 25
0.32, 12.34, 2.63143, 25
0.33, 11.88, 2.68805, 25
0.34, 11.42, 2.52658, 25

Processor time: 0.282.

p, N(p), SD, size.

0.05, 2.57, 2.95383, 30
0.06, 4.63, 3.67057, 30
0.07, 7.76, 8.89395, 30
0.08, 13.62, 17.6129, 30
0.09, 19.39, 22.6366, 30
0.1, 36.98, 33.6547, 30
0.11, 46.96, 30.7333, 30
0.12, 54.75, 27.7875, 30
0.13, 56.53, 21.221, 30
0.14, 52.19, 15.8371, 30
0.15, 49.18, 15.3508, 30
0.16, 43.47, 12.8277, 30
0.17, 38.92, 9.99468, 30
0.18, 33.76, 7.86908, 30
0.19, 32.2, 8.16701, 30
0.2, 28.37, 6.33665, 30
0.21, 25.42, 5.19265, 30
0.22, 24.78, 6.14261, 30
0.23, 22.17, 5.0101, 30
0.24, 21.33, 5.89416, 30
0.25, 19.94, 4.347, 30
0.26, 17.78, 3.55972, 30
0.27, 17.09, 3.88612, 30
0.28, 14.97, 2.98481, 30
0.29, 15.27, 3.4376, 30
0.3, 14.45, 3.16346, 30
0.31, 14.16, 3.47194, 30
0.32, 12.84, 2.50886, 30
0.33, 11.69, 2.47667, 30
0.34, 11.44, 2.31655, 30

Processor time: 0.456.

p, N(p), SD, size.

0.05, 3.6, 2.76767, 35
0.06, 6.08, 5.37342, 35
0.07, 13.03, 20.4648, 35
0.08, 23.03, 33.2702, 35
0.09, 35.34, 35.1878, 35
0.1, 44.81, 38.3926, 35
0.11, 67.77, 36.5488, 35
0.12, 68.32, 30.0852, 35
0.13, 61.95, 21.5969, 35
0.14, 58.28, 13.6756, 35
0.15, 51.81, 11.9547, 35
0.16, 45.15, 10.164, 35
0.17, 40.66, 8.75354, 35
0.18, 35.05, 7.64248, 35
0.19, 32.09, 6.44995, 35
0.2, 29.79, 5.78151, 35
0.21, 26.49, 4.54201, 35
0.22, 25, 5.71314, 35
0.23, 23.13, 5.20126, 35
0.24, 21.42, 4.40041, 35
0.25, 19.23, 4.03449, 35
0.26, 18.49, 3.95852, 35
0.27, 17.14, 3.38827, 35
0.28, 16.73, 3.818, 35
0.29, 16.04, 3.72269, 35
0.3, 15.23, 3.49243, 35
0.31, 13.93, 2.58556, 35
0.32, 12.74, 2.2254, 35
0.33, 12.71, 2.78315, 35
0.34, 12.02, 2.13063, 35

Processor time: 0.694.

p, N(p), SD, size.

0.05, 5.09, 7.37305, 40
0.06, 8.04, 15.7562, 40
0.07, 15.34, 24.6224, 40
0.08, 21.52, 22.9096, 40
0.09, 34.74, 40.9677, 40
0.1, 63.5, 47.7132, 40
0.11, 77.93, 39.7488, 40
0.12, 79.66, 27.272, 40
0.13, 70.45, 21.6242, 40
0.14, 61.02, 13.1027, 40
0.15, 53.6, 11.2134, 40
0.16, 47.41, 10.3142, 40
0.17, 40.87, 8.16658, 40
0.18, 37.65, 8.28779, 40
0.19, 32.54, 7.44099, 40
0.2, 30.17, 5.82075, 40
0.21, 27.35, 5.8453, 40
0.22, 25.28, 4.91137, 40
0.23, 23.51, 4.98497, 40
0.24, 21.92, 4.04643, 40
0.25, 20.68, 4.87418, 40
0.26, 18.71, 3.26893, 40
0.27, 18.09, 3.52731, 40
0.28, 16.72, 3.45855, 40
0.29, 15.36, 3.31518, 40
0.3, 14.74, 2.72257, 40
0.31, 13.9, 3.05123, 40
0.32, 13.45, 2.73633, 40
0.33, 12.73, 2.49341, 40
0.34, 12.54, 3.10941, 40

Processor time: 0.951.

p, N(p), SD, size.

0.05, 4.5, 3.16702, 45
0.06, 7.07, 6.51192, 45
0.07, 14.38, 23.591, 45
0.08, 28.48, 40.7665, 45
0.09, 52.94, 61.1176, 45
0.1, 82.2, 57.5672, 45
0.11, 99.81, 38.4985, 45
0.12, 87.12, 22.7003, 45
0.13, 75.44, 18.2287, 45
0.14, 64.7, 15.1905, 45
0.15, 55.98, 13.1415, 45
0.16, 46.14, 9.60315, 45
0.17, 41.74, 9.49697, 45
0.18, 37.65, 7.72447, 45
0.19, 32.72, 6.331, 45
0.2, 30.34, 5.72926, 45
0.21, 27.78, 5.31898, 45
0.22, 24.68, 4.62792, 45
0.23, 23.12, 4.30181, 45
0.24, 22, 4.24264, 45
0.25, 20.12, 3.62293, 45
0.26, 19.27, 3.87519, 45
0.27, 17.81, 3.12312, 45
0.28, 16.82, 3.38934, 45
0.29, 16.44, 3.17276, 45
0.3, 15.16, 3.43138, 45
0.31, 14.59, 2.94651, 45
0.32, 13.91, 2.92265, 45
0.33, 13.13, 2.4603, 45
0.34, 12.54, 2.56679, 45

Processor time: 1.272.

p, N(p), SD, size.

0.05, 6.1, 5.42863, 50
0.06, 9.41, 8.43338, 50
0.07, 19.31, 27.2755, 50
0.08, 36.41, 49.0386, 50
0.09, 80.77, 66.0824, 50
0.1, 100.54, 57.3664, 50
0.11, 105.84, 30.5266, 50
0.12, 90.43, 20.4589, 50
0.13, 76.22, 16.887, 50
0.14, 63.91, 13.3694, 50
0.15, 54.36, 11.188, 50
0.16, 48.09, 8.76481, 50
0.17, 41.66, 7.64882, 50
0.18, 37.98, 7.70452, 50
0.19, 34.74, 7.40759, 50
0.2, 30.32, 5.93276, 50
0.21, 28.19, 5.74055, 50
0.22, 26.09, 4.34533, 50
0.23, 24.38, 3.99695, 50
0.24, 22.48, 4.62056, 50
0.25, 20.93, 4.56564, 50
0.26, 19.88, 4.31342, 50
0.27, 18.02, 3.01655, 50
0.28, 17.15, 2.58215, 50
0.29, 15.62, 2.31422, 50
0.3, 15.42, 2.65774, 50
0.31, 14.4, 2.48193, 50
0.32, 13.67, 2.58478, 50
0.33, 13.16, 2.3779, 50
0.34, 12.38, 2.32714, 50

Processor time: 1.676.

p, N(p), SD, size.

0.05, 6.47, 5.03082, 55
0.06, 9.6, 7.4793, 55
0.07, 21.74, 36.7425, 55
0.08, 52.01, 63.6964, 55
0.09, 94.67, 70.2442, 55
0.1, 111.06, 58.7991, 55
0.11, 114.6, 36.4453, 55
0.12, 93.85, 22.3948, 55
0.13, 79.93, 14.7711, 55
0.14, 66.22, 14.4621, 55
0.15, 53.9, 8.92244, 55
0.16, 47.35, 8.94469, 55
0.17, 42.32, 7.46442, 55
0.18, 38.37, 7.26589, 55
0.19, 34.71, 6.09474, 55
0.2, 31.14, 5.8924, 55
0.21, 28.1, 5.16043, 55
0.22, 25.66, 4.9198, 55
0.23, 23.98, 4.21896, 55
0.24, 22.78, 4.22748, 55
0.25, 21.32, 3.60522, 55
0.26, 19.16, 2.81681, 55
0.27, 17.98, 3.04624, 55
0.28, 16.94, 2.51722, 55
0.29, 16.36, 3.35118, 55
0.3, 15.82, 2.98121, 55
0.31, 15.19, 3.13271, 55
0.32, 13.94, 2.81716, 55
0.33, 13.08, 2.13392, 55
0.34, 12.88, 2.13673, 55

Processor time: 2.149.

p, N(p), SD, size.

0.05, 7.45, 5.45046, 60
0.06, 10.36, 8.76644, 60
0.07, 21.63, 31.3652, 60
0.08, 69.3, 81.8472, 60
0.09, 110.31, 77.725, 60
0.1, 129.8, 56.6682, 60
0.11, 118.97, 28.7459, 60
0.12, 96.35, 19.2673, 60
0.13, 76.57, 13.8919, 60
0.14, 67.33, 13.6463, 60
0.15, 55.85, 9.66062, 60
0.16, 49.06, 9.39342, 60
0.17, 42.99, 8.72181, 60
0.18, 38.61, 7.47248, 60
0.19, 34.55, 6.11453, 60
0.2, 30.42, 4.76903, 60
0.21, 28.05, 5.33174, 60
0.22, 26.24, 4.41842, 60
0.23, 24.55, 4.9787, 60
0.24, 22.81, 4.11022, 60
0.25, 21.17, 4.06462, 60
0.26, 20.45, 4.4886, 60
0.27, 18.67, 3.11145, 60
0.28, 17.96, 3.72537, 60
0.29, 16.63, 3.07134, 60
0.3, 15.35, 2.62059, 60
0.31, 14.57, 2.97071, 60
0.32, 13.85, 2.38065, 60
0.33, 13.8, 2.98664, 60
0.34, 13.03, 2.30415, 60

Processor time: 2.602.

p, N(p), SD, size.

0.05, 7.99, 5.05865, 65
0.06, 13.47, 23.7303, 65
0.07, 27.44, 39.3234, 65
0.08, 52.63, 66.5478, 65
0.09, 115.34, 84.9519, 65
0.1, 140.14, 50.2778, 65
0.11, 124.02, 30.6268, 65
0.12, 98.31, 22.2938, 65
0.13, 80.33, 16.45, 65
0.14, 66.48, 12.0735, 65
0.15, 57.62, 10.6102, 65
0.16, 48.54, 8.47398, 65
0.17, 42.45, 8.71593, 65
0.18, 39.08, 6.77596, 65
0.19, 34.1, 5.36749, 65
0.2, 32.56, 6.1373, 65
0.21, 29.1, 5.20481, 65
0.22, 26, 5.09706, 65
0.23, 24.94, 4.64934, 65
0.24, 22.85, 4.20803, 65
0.25, 21.86, 3.80531, 65
0.26, 20, 3.20312, 65
0.27, 19.08, 3.77274, 65
0.28, 18.42, 3.96278, 65
0.29, 16.57, 2.51895, 65
0.3, 16.06, 2.81361, 65
0.31, 15.37, 2.91772, 65
0.32, 13.89, 2.16746, 65
0.33, 13.82, 2.29076, 65
0.34, 12.83, 1.81138, 65

Processor time: 3.037.

p, N(p), SD, size.

0.05, 7.5, 4.88979, 70
0.06, 17.37, 41.8812, 70
0.07, 31.19, 57.6548, 70
0.08, 99.25, 101.96, 70
0.09, 136.03, 83.2681, 70
0.1, 150.59, 37.3931, 70
0.11, 123.25, 28.9535, 70
0.12, 101.53, 21.4105, 70
0.13, 78.31, 13.4296, 70
0.14, 67.09, 13.7485, 70
0.15, 56.47, 8.34321, 70
0.16, 49.98, 8.14491, 70
0.17, 44.82, 8.48337, 70
0.18, 38.39, 7.48317, 70
0.19, 35.04, 5.92101, 70
0.2, 31.22, 5.21647, 70
0.21, 29.54, 5.30362, 70
0.22, 26.74, 5.09631, 70
0.23, 25.06, 4.43581, 70
0.24, 23.23, 3.92136, 70
0.25, 21.26, 3.35148, 70
0.26, 19.62, 3.10735, 70
0.27, 19.06, 3.55196, 70
0.28, 17.38, 2.59915, 70
0.29, 16.86, 2.58465, 70
0.3, 15.85, 2.46729, 70
0.31, 15.35, 3.03768, 70
0.32, 14.14, 2.37916, 70
0.33, 13.97, 2.71092, 70
0.34, 13.03, 2.13286, 70

Processor time: 3.753.

p, N(p), SD, size.

0.05, 8.65, 4.40085, 75
0.06, 12.53, 6.78595, 75
0.07, 37.5, 65.7913, 75
0.08, 95.21, 103.185, 75
0.09, 155.91, 81.2835, 75
0.1, 154.47, 46.6687, 75
0.11, 125.15, 22.2622, 75
0.12, 101.46, 18.4399, 75
0.13, 80.9, 15.871, 75
0.14, 68.55, 11.9703, 75
0.15, 57.28, 10.2539, 75
0.16, 49.82, 8.95922, 75
0.17, 43.66, 8.74668, 75
0.18, 39.58, 6.92269, 75
0.19, 36.42, 7.14448, 75
0.2, 32.5, 5.2811, 75
0.21, 29.03, 4.63348, 75
0.22, 26.99, 4.64649, 75
0.23, 24.73, 3.77586, 75
0.24, 23.95, 4.36434, 75
0.25, 22, 3.90128, 75
0.26, 19.82, 3.0377, 75
0.27, 19.09, 3.52731, 75
0.28, 18.37, 3.07459, 75
0.29, 17.08, 2.57946, 75
0.3, 16.14, 2.61159, 75
0.31, 15.77, 2.74173, 75
0.32, 14.4, 2, 75
0.33, 13.82, 2.18806, 75
0.34, 12.73, 2.46923, 75

Processor time: 4.377.

p, N(p), SD, size.

0.05, 9.19, 5.62796, 80
0.06, 18.21, 31.4952, 80
0.07, 43.94, 78.4669, 80
0.08, 114.05, 110.589, 80
0.09, 178.49, 87.2002, 80
0.1, 157.41, 38.9351, 80
0.11, 130.73, 24.1594, 80
0.12, 99.72, 17.0095, 80
0.13, 81.99, 13.7408, 80
0.14, 64.75, 12.2616, 80
0.15, 58.64, 10.6626, 80
0.16, 50.59, 9.30709, 80
0.17, 44.58, 6.27085, 80
0.18, 40.46, 7.18251, 80
0.19, 36.03, 6.16353, 80
0.2, 32.43, 5.75196, 80
0.21, 30.56, 5.24084, 80
0.22, 27.5, 4.55522, 80
0.23, 25.32, 3.55775, 80
0.24, 23.51, 3.71348, 80
0.25, 21.59, 3.34991, 80
0.26, 20.49, 3.91023, 80
0.27, 19.52, 3.17011, 80
0.28, 18.52, 2.97819, 80
0.29, 17.15, 2.31679, 80
0.3, 16.11, 2.35327, 80
0.31, 14.99, 2.30866, 80
0.32, 14.91, 2.52624, 80
0.33, 14.56, 2.74707, 80
0.34, 13.46, 2.51165, 80

Processor time: 5.109.

p, N(p), SD, size.

0.05, 9.8, 7.63806, 85
0.06, 17.32, 16.723, 85
0.07, 51.64, 85.6519, 85
0.08, 129.51, 127.479, 85
0.09, 189.6, 84.468, 85
0.1, 177.59, 43.8231, 85
0.11, 131.21, 27.8339, 85
0.12, 100.63, 19.3962, 85
0.13, 81.14, 15.3545, 85
0.14, 67.63, 11.2407, 85
0.15, 58.44, 9.11956, 85
0.16, 50.03, 8.54688, 85
0.17, 43.09, 6.51781, 85
0.18, 39.65, 6.90706, 85
0.19, 35.54, 6.10642, 85
0.2, 31.97, 4.50878, 85
0.21, 29.34, 4.94413, 85
0.22, 27.16, 4.53811, 85
0.23, 24.88, 3.86078, 85
0.24, 23.5, 3.6756, 85
0.25, 22.36, 4.01876, 85
0.26, 20.57, 3.48498, 85
0.27, 19.59, 2.92607, 85
0.28, 17.78, 2.46, 85
0.29, 16.99, 2.40622, 85
0.3, 16.69, 3.54597, 85
0.31, 15.28, 2.6536, 85
0.32, 14.51, 2.27374, 85
0.33, 14.12, 2.06049, 85
0.34, 13.78, 2.32628, 85

Processor time: 5.957.

p, N(p), SD, size.

0.05, 10.97, 7.1742, 90
0.06, 24.65, 57.8373, 90
0.07, 76.04, 122.577, 90
0.08, 131.2, 127.598, 90
0.09, 196.43, 74.0781, 90
0.1, 171.79, 41.0337, 90
0.11, 130.64, 22.8432, 90
0.12, 99.54, 18.6094, 90
0.13, 82.62, 16.4698, 90
0.14, 66.66, 10.4644, 90
0.15, 58.79, 9.22095, 90
0.16, 50.86, 8.38692, 90
0.17, 44.4, 6.57419, 90
0.18, 40.32, 5.13202, 90
0.19, 36.17, 7.10641, 90
0.2, 32.5, 5.04876, 90
0.21, 30.56, 5.44118, 90
0.22, 27.68, 4.90893, 90
0.23, 25.68, 4.49862, 90
0.24, 23.38, 3.50651, 90
0.25, 22.07, 3.17255, 90
0.26, 21.28, 3.24986, 90
0.27, 19.35, 3.03109, 90
0.28, 18.43, 2.67303, 90
0.29, 17.34, 2.73211, 90
0.3, 16.38, 2.67125, 90
0.31, 15.71, 3.15371, 90
0.32, 15.11, 2.57253, 90
0.33, 14.63, 2.89363, 90
0.34, 13.56, 2.41379, 90

Processor time: 6.811.

p, N(p), SD, size.

0.05, 10.24, 5.34625, 95
0.06, 20.93, 35.5543, 95
0.07, 70.05, 116.847, 95
0.08, 182.41, 138.722, 95
0.09, 225.24, 65.2357, 95
0.1, 182.19, 41.8518, 95
0.11, 129.96, 22.5805, 95
0.12, 102.91, 19.4227, 95
0.13, 81.64, 13.7982, 95
0.14, 70.94, 12.3425, 95
0.15, 57.15, 8.43845, 95
0.16, 51.57, 8.22466, 95
0.17, 44.66, 8.22341, 95
0.18, 40.36, 6.01418, 95
0.19, 35.33, 6.24829, 95
0.2, 32.34, 4.74809, 95
0.21, 30.31, 4.24192, 95
0.22, 27.34, 4.63513, 95
0.23, 25.27, 4.01461, 95
0.24, 23.75, 3.78253, 95
0.25, 22.15, 3.29659, 95
0.26, 20.91, 3.64443, 95
0.27, 20.26, 3.52312, 95
0.28, 19.08, 3.61021, 95
0.29, 17.41, 2.66869, 95
0.3, 17.05, 2.8892, 95
0.31, 15.78, 2.43549, 95
0.32, 15.23, 2.31022, 95
0.33, 14.17, 1.94964, 95
0.34, 13.97, 2.26916, 95

Processor time: 7.901.

p, N(p), SD, size.

0.05, 10.24, 5.60914, 100
0.06, 21.85, 47.8699, 100
0.07, 56.64, 101.858, 100
0.08, 174.39, 138.39, 100
0.09, 232.19, 73.3504, 100
0.1, 180.34, 34.3477, 100
0.11, 131.24, 23.4726, 100
0.12, 100.67, 17.538, 100
0.13, 82.17, 14.157, 100
0.14, 69.48, 12.1429, 100
0.15, 58.45, 10.1807, 100
0.16, 50.82, 7.44094, 100
0.17, 44.86, 6.60911, 100
0.18, 39.73, 5.50973, 100
0.19, 35.46, 4.8092, 100
0.2, 33.08, 5.43264, 100
0.21, 30.07, 5.0956, 100
0.22, 27.82, 4.36436, 100
0.23, 25.64, 3.88206, 100
0.24, 23.52, 2.96473, 100
0.25, 22.61, 3.19342, 100
0.26, 20.93, 2.99084, 100
0.27, 19.24, 2.5889, 100
0.28, 18.45, 2.85788, 100
0.29, 16.95, 2.35106, 100
0.3, 16.58, 2.56585, 100
0.31, 15.62, 2.26177, 100
0.32, 15.11, 2.16285, 100
0.33, 14.66, 2.60469, 100
0.34, 13.38, 1.87499, 100

Processor time: 8.775.

p, N(p), SD, size.

0.05, 11.47, 6.6535, 105
0.06, 17.56, 11.1699, 105
0.07, 74.7, 119.773, 105
0.08, 185.79, 143.523, 105
0.09, 231.74, 69.4724, 105
0.1, 184.75, 37.8466, 105
0.11, 131.27, 22.8258, 105
0.12, 101.32, 16.2769, 105
0.13, 83.91, 14.5335, 105
0.14, 70.43, 10.3954, 105
0.15, 59.12, 9.77577, 105
0.16, 51.95, 8.81745, 105
0.17, 44.95, 7.65817, 105
0.18, 39.97, 6.59159, 105
0.19, 36.11, 5.11448, 105
0.2, 32.84, 4.56666, 105
0.21, 30.69, 4.9693, 105
0.22, 27.66, 3.58112, 105
0.23, 25.89, 4.0172, 105
0.24, 23.7, 3.22955, 105
0.25, 22.86, 3.33772, 105
0.26, 20.85, 2.60528, 105
0.27, 20.21, 2.64309, 105
0.28, 19.18, 2.99125, 105
0.29, 17.72, 2.70954, 105
0.3, 16.51, 2.64384, 105
0.31, 16.11, 2.54517, 105
0.32, 14.97, 2.25147, 105
0.33, 14.11, 1.92299, 105
0.34, 13.87, 2.11969, 105

Processor time: 9.755.

p, N(p), SD, size.

0.05, 11.81, 5.56542, 110
0.06, 19.95, 21.9478, 110
0.07, 102.08, 145.882, 110
0.08, 221.51, 149.448, 110
0.09, 246.25, 70.7194, 110
0.1, 183.46, 43.6079, 110
0.11, 133.67, 23.1582, 110
0.12, 104.49, 17.8978, 110
0.13, 81.39, 15.2446, 110
0.14, 68.18, 9.87763, 110
0.15, 59.33, 10.6029, 110
0.16, 52.11, 7.54042, 110
0.17, 45.45, 7.80945, 110
0.18, 40.01, 5.46899, 110
0.19, 36.84, 5.74233, 110
0.2, 32.98, 5.18455, 110
0.21, 31.01, 5.03089, 110
0.22, 28.46, 4.45515, 110
0.23, 25.87, 4.14646, 110
0.24, 24.32, 4.0568, 110
0.25, 22.36, 2.96486, 110
0.26, 21.31, 3.31872, 110
0.27, 20.72, 3.34389, 110
0.28, 19.05, 2.77263, 110
0.29, 17.95, 2.73267, 110
0.3, 17.07, 2.68795, 110
0.31, 16.07, 2.56225, 110
0.32, 15.11, 2.33621, 110
0.33, 14.28, 2.1217, 110
0.34, 13.74, 2.3092, 110

Processor time: 11.309.

p, N(p), SD, size.

0.05, 12.09, 6.74847, 115
0.06, 27.8, 52.1045, 115
0.07, 96.7, 145.875, 115
0.08, 232.42, 154.211, 115
0.09, 254.22, 72.652, 115
0.1, 180.38, 31.7785, 115
0.11, 132.97, 22.6281, 115
0.12, 103.71, 16.9772, 115
0.13, 84.44, 14.1395, 115
0.14, 70.21, 11.9217, 115
0.15, 59.85, 8.22967, 115
0.16, 51.78, 7.47741, 115
0.17, 47.09, 6.92112, 115
0.18, 40.32, 6.32753, 115
0.19, 36.4, 4.77074, 115
0.2, 33.47, 4.05821, 115
0.21, 30.54, 4.83202, 115
0.22, 28.81, 4.22302, 115
0.23, 26.33, 3.44399, 115
0.24, 24.04, 3.6876, 115
0.25, 22.83, 3.66894, 115
0.26, 20.98, 3.50708, 115
0.27, 20.23, 3.02607, 115
0.28, 18.62, 2.87673, 115
0.29, 17.59, 2.40456, 115
0.3, 17.23, 2.36582, 115
0.31, 15.81, 2.148, 115
0.32, 15.46, 2.47152, 115
0.33, 14.97, 2.32575, 115
0.34, 13.64, 1.95714, 115

Processor time: 12.532.

p, N(p), SD, size.

0.05, 12.44, 6.93732, 120
0.06, 27.94, 57.6159, 120
0.07, 107.72, 158.28, 120
0.08, 242.93, 158.034, 120
0.09, 253.02, 59.8747, 120
0.1, 181.44, 34.7411, 120
0.11, 135.58, 22.45, 120
0.12, 103.06, 19.0635, 120
0.13, 81.72, 12.631, 120
0.14, 70.99, 10.3455, 120
0.15, 58.73, 8.87339, 120
0.16, 51.38, 7.2205, 120
0.17, 45.63, 6.75671, 120
0.18, 40.74, 5.91375, 120
0.19, 36.78, 5.70014, 120
0.2, 33.8, 4.55412, 120
0.21, 30.16, 3.91592, 120
0.22, 28.56, 4.36651, 120
0.23, 25.99, 3.76695, 120
0.24, 24.44, 3.46214, 120
0.25, 23.16, 3.88515, 120
0.26, 20.99, 3.32113, 120
0.27, 20.33, 3.33183, 120
0.28, 19.38, 3.16474, 120
0.29, 17.69, 2.90756, 120
0.3, 17.24, 2.54998, 120
0.31, 16.13, 2.28322, 120
0.32, 15.36, 2.29138, 120
0.33, 14.59, 2.19132, 120
0.34, 14.23, 1.90187, 120

Processor time: 13.723.

p, N(p), SD, size.

0.05, 12, 6.23217, 125
0.06, 29.62, 64.0713, 125
0.07, 109.3, 162.163, 125
0.08, 266.02, 163.157, 125
0.09, 254.81, 53.2405, 125
0.1, 181.16, 30.6303, 125
0.11, 134.98, 21.5128, 125
0.12, 104.41, 16.0537, 125
0.13, 81.39, 11.4244, 125
0.14, 68.96, 10.1468, 125
0.15, 60.41, 9.59176, 125
0.16, 51.79, 6.91563, 125
0.17, 46.51, 7.85938, 125
0.18, 41.14, 6.51616, 125
0.19, 37.35, 5.84016, 125
0.2, 33.54, 5.58287, 125
0.21, 30.74, 4.26056, 125
0.22, 28.93, 5.0779, 125
0.23, 26.49, 3.93318, 125
0.24, 24.52, 3.59856, 125
0.25, 23.02, 2.87743, 125
0.26, 21.3, 2.68514, 125
0.27, 19.97, 2.85466, 125
0.28, 18.55, 2.52735, 125
0.29, 18.43, 3.39192, 125
0.3, 17.67, 3.16877, 125
0.31, 16.03, 2.16081, 125
0.32, 15.48, 1.94155, 125
0.33, 14.92, 2.11981, 125
0.34, 14.31, 1.87454, 125

Processor time: 15.023.

p, N(p), SD, size.

0.05, 16.62, 11.7412, 130
0.06, 28.07, 21.3889, 130
0.07, 123.23, 169.26, 130
0.08, 306.4, 151.747, 130
0.09, 264.64, 53.3144, 130
0.1, 184.49, 31.0797, 130
0.11, 136.76, 22.4286, 130
0.12, 103.04, 17.8353, 130
0.13, 84.44, 12.3234, 130
0.14, 70.06, 11.9271, 130
0.15, 61.66, 9.12055, 130
0.16, 51.68, 6.62553, 130
0.17, 46.88, 6.97177, 130
0.18, 39.71, 5.89626, 130
0.19, 37.22, 5.31146, 130
0.2, 33.86, 5.21348, 130
0.21, 30.62, 4.77657, 130
0.22, 27.74, 3.40476, 130
0.23, 25.81, 3.70323, 130
0.24, 24.34, 3.79004, 130
0.25, 23.06, 3.6106, 130
0.26, 21.25, 2.65848, 130
0.27, 20.08, 2.51666, 130
0.28, 19.05, 2.5976, 130
0.29, 18.19, 3.9666, 130
0.3, 17.22, 2.704, 130
0.31, 16.29, 2.3719, 130
0.32, 15.35, 2.16044, 130
0.33, 14.93, 2.30328, 130
0.34, 13.87, 2.02314, 130

Processor time: 16.852.

p, N(p), SD, size.

0.05, 15.2, 10.2333, 135
0.06, 29.67, 68.355, 135
0.07, 139.48, 193.299, 135
0.08, 284.95, 160.611, 135
0.09, 264.45, 56.4789, 135
0.1, 181.8, 36.7712, 135
0.11, 136.67, 24.7548, 135
0.12, 103.91, 15.284, 135
0.13, 84.28, 12.388, 135
0.14, 71.11, 10.5023, 135
0.15, 58.36, 9.46311, 135
0.16, 52.85, 8.12327, 135
0.17, 47.34, 7.41515, 135
0.18, 40.9, 5.93549, 135
0.19, 36.89, 5.33647, 135
0.2, 34.42, 5.20803, 135
0.21, 30.47, 4.67002, 135
0.22, 28.78, 4.3671, 135
0.23, 26.33, 3.40016, 135
0.24, 24.71, 3.91994, 135
0.25, 22.68, 2.89441, 135
0.26, 21.41, 2.77883, 135
0.27, 20.66, 3.16613, 135
0.28, 18.43, 2.07005, 135
0.29, 17.82, 2.22432, 135
0.3, 17.01, 2.15636, 135
0.31, 16.09, 2.14986, 135
0.32, 15.53, 2.24257, 135
0.33, 14.9, 2.17486, 135
0.34, 14.23, 2.26652, 135

Processor time: 18.052.

p, N(p), SD, size.

0.05, 15.19, 9.64437, 140
0.06, 28.71, 23.5942, 140
0.07, 180.11, 217.858, 140
0.08, 306.2, 150.544, 140
0.09, 270.92, 59.9988, 140
0.1, 181.22, 32.4529, 140
0.11, 133.8, 22.646, 140
0.12, 102.54, 15.8918, 140
0.13, 85.57, 14.3187, 140
0.14, 69.88, 12.6643, 140
0.15, 60.39, 8.84635, 140
0.16, 52.47, 7.29171, 140
0.17, 46.44, 5.46319, 140
0.18, 40.74, 6.43525, 140
0.19, 36.9, 5.39166, 140
0.2, 33.56, 4.37337, 140
0.21, 31.2, 4.42267, 140
0.22, 28.37, 3.32161, 140
0.23, 27.32, 4.02214, 140
0.24, 24.04, 3.33742, 140
0.25, 22.91, 3.27443, 140
0.26, 21.62, 3.52074, 140
0.27, 20.5, 3.21092, 140
0.28, 19.72, 3.42368, 140
0.29, 18.45, 2.46323, 140
0.3, 17.29, 2.10378, 140
0.31, 16.71, 2.93699, 140
0.32, 15.55, 2.03162, 140
0.33, 14.88, 2.17384, 140
0.34, 14.03, 2.03202, 140

Processor time: 20.308.

p, N(p), SD, size.

0.05, 14.35, 15.4463, 145
0.06, 29.31, 18.9133, 145
0.07, 167, 205.963, 145
0.08, 318.2, 149.789, 145
0.09, 270.69, 56.3213, 145
0.1, 191.7, 36.9828, 145
0.11, 133.12, 20.3638, 145
0.12, 107.31, 17.2445, 145
0.13, 82.73, 11.4541, 145
0.14, 70.52, 8.87635, 145
0.15, 61.28, 8.96, 145
0.16, 52.69, 7.17732, 145
0.17, 46.43, 6.3123, 145
0.18, 41.31, 5.2301, 145
0.19, 37.42, 5.88248, 145
0.2, 33.86, 4.82498, 145
0.21, 31.25, 4.45281, 145
0.22, 28.36, 3.5483, 145
0.23, 26.83, 3.31679, 145
0.24, 24.38, 3.64631, 145
0.25, 23.1, 3.06431, 145
0.26, 22.01, 3.8013, 145
0.27, 20.61, 2.7528, 145
0.28, 18.98, 2.48588, 145
0.29, 18.01, 2.53178, 145
0.3, 17.02, 2.44123, 145
0.31, 16.05, 2.11837, 145
0.32, 16, 2.57682, 145
0.33, 14.8, 1.85472, 145
0.34, 14.04, 1.88637, 145

Processor time: 21.551.

p, N(p), SD, size.

0.05, 15.76, 8.77738, 150
0.06, 48.28, 104.061, 150
0.07, 224.08, 239.754, 150
0.08, 339.46, 145.818, 150
0.09, 273.24, 54.3047, 150
0.1, 181.64, 32.7715, 150
0.11, 131.72, 22.1847, 150
0.12, 105.23, 18.1129, 150
0.13, 85.16, 10.9057, 150
0.14, 69.06, 9.48875, 150
0.15, 59.73, 9.37961, 150
0.16, 52.19, 7.50559, 150
0.17, 45.75, 6.84452, 150
0.18, 41.93, 7.94261, 150
0.19, 36.87, 5.03916, 150
0.2, 33.57, 4.85645, 150
0.21, 31.33, 3.97506, 150
0.22, 30.37, 4.27002, 150
0.23, 26.67, 3.80278, 150
0.24, 24.21, 3.12504, 150
0.25, 22.97, 3.27248, 150
0.26, 21.89, 2.91854, 150
0.27, 20.16, 2.31396, 150
0.28, 19.55, 2.80847, 150
0.29, 18.38, 2.54865, 150
0.3, 17.28, 2.3878, 150
0.31, 16.52, 2.27807, 150
0.32, 15.91, 2.44988, 150
0.33, 14.7, 1.87883, 150
0.34, 14.34, 2.30313, 150

Processor time: 24.004.

p, N(p), SD, size.

0.05, 15.85, 9.65855, 155
0.06, 43.59, 100.558, 155
0.07, 219.43, 245.554, 155
0.08, 384.68, 137.887, 155
0.09, 261.38, 52.1856, 155
0.1, 187.5, 33.7688, 155
0.11, 132.67, 20.2005, 155
0.12, 107.22, 16.1032, 155
0.13, 86.41, 14.0279, 155
0.14, 72.39, 9.75079, 155
0.15, 60.02, 7.5868, 155
0.16, 50.89, 6.34176, 155
0.17, 46.87, 6.05913, 155
0.18, 41.72, 5.70102, 155
0.19, 38.56, 5.36343, 155
0.2, 33.89, 4.71146, 155
0.21, 30.86, 3.68787, 155
0.22, 28.73, 3.68471, 155
0.23, 26.51, 4.0162, 155
0.24, 24.7, 2.93428, 155
0.25, 23.94, 3.89826, 155
0.26, 21.93, 3.10243, 155
0.27, 20.43, 3.04715, 155
0.28, 19.39, 2.57641, 155
0.29, 18.13, 2.84132, 155
0.3, 17.38, 2.47297, 155
0.31, 16.71, 2.38032, 155
0.32, 15.34, 2.12236, 155
0.33, 14.81, 1.86384, 155
0.34, 14.11, 1.87561, 155

Processor time: 25.939.

p, N(p), SD, size.

0.05, 20.37, 32.8228, 160
0.06, 34.15, 58.5605, 160
0.07, 225.46, 239.108, 160
0.08, 348.31, 155.684, 160
0.09, 277.33, 51.9155, 160
0.1, 186.88, 33.9942, 160
0.11, 135.88, 21.1108, 160
0.12, 106.31, 14.9617, 160
0.13, 85.11, 11.788, 160
0.14, 71.37, 10.6251, 160
0.15, 59.8, 9.03991, 160
0.16, 53.83, 7.28431, 160
0.17, 47.41, 7.57112, 160
0.18, 41.81, 5.37158, 160
0.19, 37.81, 4.83259, 160
0.2, 34.32, 5.40903, 160
0.21, 31.16, 4.17066, 160
0.22, 28.59, 3.54145, 160
0.23, 26.94, 3.94416, 160
0.24, 25.36, 3.6291, 160
0.25, 23.3, 3.7, 160
0.26, 21.81, 2.91786, 160
0.27, 20.75, 3.27223, 160
0.28, 19.6, 2.35372, 160
0.29, 18.05, 2.63581, 160
0.3, 17.44, 2.45894, 160
0.31, 16.69, 2.0332, 160
0.32, 15.94, 1.93298, 160
0.33, 14.88, 2.03607, 160
0.34, 14.36, 2.19326, 160

Processor time: 27.676.

p, N(p), SD, size.

0.05, 24.79, 90.3546, 165
0.06, 87.96, 190.399, 165
0.07, 221.65, 231.538, 165
0.08, 410.04, 119.08, 165
0.09, 278.52, 57.4065, 165
0.1, 193.08, 33.1052, 165
0.11, 137.71, 23.4065, 165
0.12, 105.76, 16.0836, 165
0.13, 84.04, 12.1819, 165
0.14, 72, 9.64572, 165
0.15, 60.33, 8.85105, 165
0.16, 51.83, 8.04991, 165
0.17, 46.74, 7.29742, 165
0.18, 42.2, 5.91608, 165
0.19, 37.66, 5.23301, 165
0.2, 34.52, 3.98618, 165
0.21, 31.63, 4.42189, 165
0.22, 29.22, 4.35564, 165
0.23, 26.83, 3.8342, 165
0.24, 25.03, 3.33303, 165
0.25, 23.5, 2.81247, 165
0.26, 22.17, 3.25286, 165
0.27, 20.45, 3.22296, 165
0.28, 19.07, 2.35905, 165
0.29, 17.83, 1.7496, 165
0.3, 17.96, 2.39132, 165
0.31, 16.45, 2.24221, 165
0.32, 15.86, 2.17725, 165
0.33, 15.06, 2.12047, 165
0.34, 14.51, 2.25608, 165

Processor time: 31.468.

p, N(p), SD, size.

0.05, 15.96, 8.34856, 170
0.06, 57.84, 131.693, 170
0.07, 233.8, 255.332, 170
0.08, 407.86, 123.852, 170
0.09, 280.87, 55.4982, 170
0.1, 189.37, 34.8677, 170
0.11, 133.29, 22.7114, 170
0.12, 104.29, 16.1017, 170
0.13, 84.11, 10.9269, 170
0.14, 71.52, 9.62443, 170
0.15, 59.13, 7.18979, 170
0.16, 52.62, 5.85966, 170
0.17, 47.08, 6.70922, 170
0.18, 41.75, 5.49432, 170
0.19, 38.31, 4.83672, 170
0.2, 33.69, 4.51596, 170
0.21, 31.35, 4.92823, 170
0.22, 28.94, 3.68733, 170
0.23, 27.19, 3.42256, 170
0.24, 24.89, 3.0262, 170
0.25, 24.23, 3.39957, 170
0.26, 21.51, 2.99164, 170
0.27, 20.64, 2.1887, 170
0.28, 19.86, 2.92582, 170
0.29, 18.81, 2.68214, 170
0.3, 17.87, 2.59482, 170
0.31, 16.59, 2.58107, 170
0.32, 15.66, 1.72174, 170
0.33, 14.84, 1.67762, 170
0.34, 14.48, 1.85731, 170

Processor time: 32.661.

p, N(p), SD, size.

0.05, 17.29, 10.3589, 175
0.06, 40.07, 82.299, 175
0.07, 289.99, 267.247, 175
0.08, 406.31, 129.947, 175
0.09, 282.14, 58.5918, 175
0.1, 191.12, 31.7324, 175
0.11, 137.48, 23.6324, 175
0.12, 107.8, 14.2499, 175
0.13, 85.29, 11.9627, 175
0.14, 73.58, 10.9299, 175
0.15, 61.05, 7.64248, 175
0.16, 53.29, 5.5069, 175
0.17, 47.61, 6.03307, 175
0.18, 41.21, 5.83146, 175
0.19, 37.65, 4.616, 175
0.2, 34.66, 4.86255, 175
0.21, 31.87, 4.03151, 175
0.22, 29.12, 3.7981, 175
0.23, 27.26, 4.34194, 175
0.24, 25, 3.27109, 175
0.25, 23.11, 2.71623, 175
0.26, 21.9, 2.73313, 175
0.27, 20.68, 2.88056, 175
0.28, 19.58, 2.94, 175
0.29, 18.46, 2.76919, 175
0.3, 17.53, 2.73662, 175
0.31, 16.86, 2.34529, 175
0.32, 15.83, 1.95987, 175
0.33, 15.07, 1.93523, 175
0.34, 14.48, 1.87872, 175

Processor time: 35.023.

p, N(p), SD, size.

0.05, 17.53, 10.3725, 180
0.06, 67.13, 153.858, 180
0.07, 314.65, 287.145, 180
0.08, 433.28, 117.499, 180
0.09, 275.03, 53.1186, 180
0.1, 191.17, 32.7096, 180
0.11, 141.74, 24.2527, 180
0.12, 105.46, 16.4939, 180
0.13, 88.65, 11.992, 180
0.14, 71.2, 9.86103, 180
0.15, 61.94, 9.26371, 180
0.16, 53.4, 6.49307, 180
0.17, 46.78, 5.30769, 180
0.18, 42.38, 5.46586, 180
0.19, 37.92, 5.47847, 180
0.2, 34.24, 4.97015, 180
0.21, 31.3, 4.1, 180
0.22, 29.71, 4.4256, 180
0.23, 27.35, 3.49964, 180
0.24, 24.88, 3.6422, 180
0.25, 23.55, 3.06064, 180
0.26, 22.61, 2.83159, 180
0.27, 21.31, 3.64882, 180
0.28, 19.54, 2.63598, 180
0.29, 18.23, 2.36159, 180
0.3, 17.4, 2.14476, 180
0.31, 16.69, 1.94265, 180
0.32, 16.15, 2.25555, 180
0.33, 15.12, 1.87766, 180
0.34, 14.62, 2.18989, 180

Processor time: 38.062.

p, N(p), SD, size.

0.05, 16.96, 7.72777, 185
0.06, 44.1, 94.6795, 185
0.07, 274.61, 281.764, 185
0.08, 433.82, 129.543, 185
0.09, 281.98, 50.747, 185
0.1, 188.83, 35.2054, 185
0.11, 140.22, 23.1757, 185
0.12, 105.94, 15.4718, 185
0.13, 86.42, 12.4138, 185
0.14, 72.39, 9.98589, 185
0.15, 61.99, 9.83412, 185
0.16, 53.9, 7.72205, 185
0.17, 46.63, 5.97772, 185
0.18, 42.62, 5.56557, 185
0.19, 37.37, 4.68328, 185
0.2, 34.24, 4.74578, 185
0.21, 31.67, 3.72036, 185
0.22, 29.19, 3.81758, 185
0.23, 26.89, 3.59693, 185
0.24, 25.23, 3.40251, 185
0.25, 23.71, 3.17268, 185
0.26, 21.69, 2.87644, 185
0.27, 20.87, 2.93481, 185
0.28, 20.09, 2.9329, 185
0.29, 18.47, 2.24257, 185
0.3, 17.63, 2.348, 185
0.31, 16.59, 1.98038, 185
0.32, 15.99, 2.35582, 185
0.33, 15.28, 2.72426, 185
0.34, 14.7, 2.09045, 185

Processor time: 38.672.

p, N(p), SD, size.

0.05, 17.07, 9.41515, 190
0.06, 67.39, 145.401, 190
0.07, 323.92, 306.082, 190
0.08, 418.58, 101.61, 190
0.09, 275.49, 49.9523, 190
0.1, 188.98, 30.6124, 190
0.11, 135.37, 21.1488, 190
0.12, 106.75, 14.484, 190
0.13, 84.98, 12.2914, 190
0.14, 70.42, 9.15334, 190
0.15, 60.88, 7.84128, 190
0.16, 52.97, 6.1765, 190
0.17, 47.44, 6.85612, 190
0.18, 41.55, 5.76433, 190
0.19, 38.45, 5.21416, 190
0.2, 34.17, 4.0867, 190
0.21, 31.6, 4.0025, 190
0.22, 29.66, 4.0205, 190
0.23, 26.96, 3.04605, 190
0.24, 25.66, 3.46474, 190
0.25, 24.02, 3.09832, 190
0.26, 22.15, 2.72534, 190
0.27, 21.02, 2.26707, 190
0.28, 20.05, 2.5035, 190
0.29, 18.27, 2.23989, 190
0.3, 18.12, 2.97416, 190
0.31, 16.72, 2.27631, 190
0.32, 16.1, 2.47184, 190
0.33, 15.59, 2.4702, 190
0.34, 14.67, 1.97005, 190

Processor time: 41.692.

p, N(p), SD, size.

0.05, 21.48, 22.8396, 195
0.06, 63.21, 149.667, 195
0.07, 324.85, 311.945, 195
0.08, 455.15, 105.443, 195
0.09, 279.87, 48.7714, 195
0.1, 190.65, 29.3463, 195
0.11, 136.57, 19.8571, 195
0.12, 106.7, 16.2816, 195
0.13, 86.03, 12.256, 195
0.14, 72.43, 9.5961, 195
0.15, 61.77, 7.73286, 195
0.16, 53.67, 6.63484, 195
0.17, 47.9, 5.94054, 195
0.18, 43.14, 5.19812, 195
0.19, 38.09, 4.19069, 195
0.2, 35, 4.59565, 195
0.21, 32.45, 4.0333, 195
0.22, 29.54, 3.30884, 195
0.23, 27.26, 3.68407, 195
0.24, 25.89, 3.88303, 195
0.25, 23.91, 3.46726, 195
0.26, 22.87, 3.22383, 195
0.27, 20.79, 3.69133, 195
0.28, 19.32, 2.26663, 195
0.29, 18.65, 2.46729, 195
0.3, 17.97, 2.69242, 195
0.31, 17.1, 1.9975, 195
0.32, 16.15, 2.09464, 195
0.33, 14.86, 1.67344, 195
0.34, 14.73, 2.13474, 195

Processor time: 44.757.

p, N(p), SD, size.

0.05, 18.43, 9.55118, 200
0.06, 68.56, 145.713, 200
0.07, 429.95, 298.297, 200
0.08, 478.43, 97.2997, 200
0.09, 277.61, 47.2519, 200
0.1, 184.1, 27.6299, 200
0.11, 138.72, 22.1676, 200
0.12, 105.33, 13.8398, 200
0.13, 85.06, 11.4611, 200
0.14, 73.18, 10.218, 200
0.15, 61.73, 7.62739, 200
0.16, 54.23, 7.29501, 200
0.17, 47.38, 6.24945, 200
0.18, 42.78, 6.17022, 200
0.19, 38, 5.22111, 200
0.2, 34.64, 4.09761, 200
0.21, 32.64, 4.87344, 200
0.22, 29.72, 4.04989, 200
0.23, 27.32, 3.28901, 200
0.24, 25.84, 3.37852, 200
0.25, 24.19, 2.84146, 200
0.26, 22.8, 2.96985, 200
0.27, 20.64, 2.87235, 200
0.28, 19.6, 2.502, 200
0.29, 18.71, 2.45884, 200
0.3, 17.71, 2.44252, 200
0.31, 16.81, 1.7983, 200
0.32, 16.32, 2.29295, 200
0.33, 15.42, 2.11745, 200
0.34, 14.81, 1.84767, 200

Processor time: 48.77.

